1692385846876 14108.623991283963 0
1692385846885 14103.413467370556 1
1692385846894 14098.21836425023 2
1692385846903 14093.084494398017 3
1692385846912 14088.063150536105 4
1692385846922 14083.262923521555 5
1692385846931 14078.414209525847 6
1692385846940 14073.730545220851 7
1692385846950 14069.081170284137 8
1692385846958 14064.447488235399 9
1692385846969 14059.902758166034 10
1692385846978 14055.366180158235 11
1692385846987 14050.881007630163 12
1692385846996 14046.458049859053 13
1692385847005 14041.988184994127 14
1692385847015 14037.499279737158 15
1692385847025 14033.08801673915 16
1692385847034 14028.524509462655 17
1692385847043 14023.953325070008 18
1692385847052 14019.295377984678 19
1692385847062 14014.672635462883 20
1692385847072 14009.956580726008 21
1692385847082 14005.188759041046 22
1692385847092 14000.485935781979 23
1692385847101 13995.829828758895 24
1692385847111 13991.115236145655 25
1692385847119 13986.401678740176 26
1692385847129 13981.617320289244 27
1692385847138 13976.915210660063 28
1692385847148 13972.013704786299 29
1692385847158 13967.096588553635 30
1692385847167 13962.11366282636 31
1692385847177 13957.051597186904 32
1692385847186 13951.981408903088 33
1692385847195 13946.731027884729 34
1692385847204 13941.287783025718 35
1692385847214 13935.960404157773 36
1692385847223 13930.434700181406 37
1692385847233 13924.780289098007 38
1692385847241 13919.032977208566 39
1692385847251 13913.175961303989 40
1692385847260 13907.22870307041 41
1692385847268 13901.000519293004 42
1692385847279 13894.822225426797 43
1692385847287 13888.492762949852 44
1692385847296 13881.922222652587 45
1692385847305 13875.16281344452 46
1692385847314 13868.359850828829 47
1692385847323 13861.35225588538 48
1692385847332 13854.30723520951 49
1692385847341 13846.934597048898 50
1692385847350 13839.583572266038 51
1692385847360 13832.11528037788 52
1692385847368 13824.606065508035 53
1692385847378 13816.966098893461 54
1692385847386 13809.158386745552 55
1692385847395 13801.224217994155 56
1692385847404 13793.092690085827 57
1692385847414 13785.026816509107 58
1692385847422 13776.620766791397 59
1692385847431 13768.187512321314 60
1692385847440 13759.120626948348 61
1692385847449 13750.346436418198 62
1692385847458 13741.138061362499 63
1692385847467 13731.875653279765 64
1692385847478 13722.127749929616 65
1692385847489 13712.426869193798 66
1692385847501 13702.323360145052 67
1692385847511 13692.041910983597 68
1692385847520 13681.395242666877 69
1692385847530 13670.829405736013 70
1692385847539 13659.626871114771 71
1692385847549 13648.272489171644 72
1692385847559 13636.853692685207 73
1692385847569 13624.816991583872 74
1692385847579 13612.936210799237 75
1692385847588 13600.374650286514 76
1692385847598 13587.843348453702 77
1692385847608 13574.906847377997 78
1692385847618 13561.564178587078 79
1692385847627 13548.114295255593 80
1692385847636 13534.396140398889 81
1692385847647 13520.00251701783 82
1692385847656 13505.80752239792 83
1692385847665 13490.950100619253 84
1692385847674 13475.981975609451 85
1692385847683 13460.49724777186 86
1692385847692 13444.948257507309 87
1692385847701 13428.804638931866 88
1692385847710 13412.440868787777 89
1692385847719 13395.633408280273 90
1692385847729 13378.739132992461 91
1692385847738 13361.433261588376 92
1692385847747 13343.703350468797 93
1692385847757 13325.369549073357 94
1692385847766 13306.877980060866 95
1692385847776 13288.625636157813 96
1692385847785 13268.637115245056 97
1692385847794 13249.845165886223 98
1692385847803 13229.739790258609 99
1692385847812 13209.27192766095 100
1692385847821 13188.740119035148 101
1692385847831 13168.08765148671 102
1692385847840 13146.633057416051 103
1692385847848 13124.686195452688 104
1692385847859 13102.499468745567 105
1692385847868 13079.77876434451 106
1692385847877 13056.984321480628 107
1692385847886 13033.283719467638 108
1692385847895 13009.686639545384 109
1692385847904 12985.731491110699 110
1692385847915 12960.59412935389 111
1692385847924 12935.71206435977 112
1692385847934 12910.226700868503 113
1692385847943 12884.006676330648 114
1692385847952 12857.904227677996 115
1692385847961 12830.99524170754 116
1692385847970 12803.41384542187 117
1692385847979 12775.915379513852 118
1692385847988 12747.517854580949 119
1692385847998 12718.917751364072 120
1692385848007 12690.509699442686 121
1692385848017 12660.983577263218 122
1692385848026 12630.65991927005 123
1692385848036 12600.101576993042 124
1692385848045 12569.251719043326 125
1692385848055 12538.621140424033 126
1692385848065 12506.827329526706 127
1692385848074 12474.122359383142 128
1692385848083 12441.971975067394 129
1692385848092 12408.851020191338 130
1692385848101 12375.304974924044 131
1692385848110 12341.419783694711 132
1692385848119 12307.071574124995 133
1692385848128 12272.051604317703 134
1692385848138 12236.165581731024 135
1692385848148 12200.641732856773 136
1692385848159 12164.251749384757 137
1692385848172 12127.703172383764 138
1692385848186 12090.712092416348 139
1692385848197 12052.582387489905 140
1692385848208 12014.188723862653 141
1692385848218 11974.617461358996 142
1692385848228 11936.736017378722 143
1692385848237 11896.684847220211 144
1692385848247 11856.331404320725 145
1692385848256 11815.270340033283 146
1692385848266 11774.148048547044 147
1692385848276 11733.422667312167 148
1692385848285 11690.080003957764 149
1692385848294 11648.990090520649 150
1692385848303 11605.069098007945 151
1692385848313 11561.734379464398 152
1692385848322 11517.30741952707 153
1692385848345 11473.223348926624 154
1692385848354 11429.414747861829 155
1692385848363 11383.51136553997 156
1692385848371 11337.401228172257 157
1692385848381 11292.201416014563 158
1692385848389 11244.781363848217 159
1692385848399 11198.263384464939 160
1692385848407 11151.438988118518 161
1692385848416 11103.78387969074 162
1692385848425 11055.512882954543 163
1692385848434 11006.151313159588 164
1692385848443 10958.040445743798 165
1692385848452 10908.183818071215 166
1692385848461 10858.223459672636 167
1692385848470 10808.516782349505 168
1692385848479 10757.72472619524 169
1692385848488 10706.495807216754 170
1692385848497 10654.341355618291 171
1692385848506 10603.470059706713 172
1692385848515 10550.697861004603 173
1692385848524 10498.315003194873 174
1692385848533 10444.952740211664 175
1692385848542 10391.23464466803 176
1692385848551 10337.354681179178 177
1692385848560 10282.713619938484 178
1692385848569 10228.615587372553 179
1692385848577 10173.391722268816 180
1692385848586 10117.75958809576 181
1692385848594 10062.118999225464 182
1692385848603 10006.324092144006 183
1692385848613 9950.301109977094 184
1692385848621 9893.657736358808 185
1692385848630 9836.95218149712 186
1692385848639 9779.287314069688 187
1692385848648 9722.199609838433 188
1692385848657 9663.189820136387 189
1692385848666 9606.142037265807 190
1692385848675 9546.913569089342 191
1692385848683 9489.55143933187 192
1692385848694 9431.374454425764 193
1692385848702 9371.345536776946 194
1692385848711 9312.011349708831 195
1692385848720 9252.209773199225 196
1692385848729 9193.417259410442 197
1692385848738 9133.35987567881 198
1692385848747 9072.576430083014 199
1692385848756 9012.092416386551 200
1692385848766 8951.845439038068 201
1692385848776 8891.288031062339 202
1692385848785 8830.647534225696 203
1692385848796 8767.637551635326 204
1692385848805 8708.36306210352 205
1692385848815 8646.530803885951 206
1692385848832 8584.843592865154 207
1692385848846 8522.383922080535 208
1692385848855 8461.053917274057 209
1692385848877 8399.574160222295 210
1692385848887 8336.90995465143 211
1692385848897 8274.903023603769 212
1692385848907 8212.204371293545 213
1692385848917 8150.540623191597 214
1692385848928 8087.740274522999 215
1692385848938 8024.7370864122195 216
1692385848949 7962.340531605204 217
1692385848958 7900.127866887475 218
1692385848969 7836.635111160783 219
1692385848979 7775.501217498323 220
1692385848989 7711.039064442132 221
1692385848999 7648.621903942213 222
1692385849009 7585.87820258528 223
1692385849019 7523.384923345173 224
1692385849029 7459.737946652284 225
1692385849038 7396.158817545348 226
1692385849047 7335.52490231005 227
1692385849056 7271.365196491932 228
1692385849066 7209.324449025283 229
1692385849075 7146.169272352403 230
1692385849084 7084.94799178681 231
1692385849094 7022.359322163922 232
1692385849102 6960.114869883093 233
1692385849111 6897.966338450753 234
1692385849120 6836.397371056426 235
1692385849130 6774.964556570721 236
1692385849140 6712.861291929058 237
1692385849149 6651.67500040205 238
1692385849159 6590.963925125055 239
1692385849168 6529.867187910156 240
1692385849176 6466.8669524339575 241
1692385849185 6406.988903431075 242
1692385849195 6345.424150392869 243
1692385849204 6284.04066594804 244
1692385849214 6221.540632809181 245
1692385849223 6161.8518500550545 246
1692385849232 6100.777924326994 247
1692385849242 6039.111932906223 248
1692385849251 5978.2549854665685 249
1692385849260 5916.361837804465 250
1692385849268 5856.218656723338 251
1692385849279 5795.346838353822 252
1692385849288 5735.888747874311 253
1692385849296 5675.155559681304 254
1692385849305 5615.221524478222 255
1692385849315 5554.933239004427 256
1692385849326 5496.682473739205 257
1692385849335 5437.722636189673 258
1692385849345 5377.420071177025 259
1692385849354 5318.461923836639 260
1692385849364 5261.490355047386 261
1692385849372 5204.975251931583 262
1692385849381 5146.345265609849 263
1692385849390 5089.002709792373 264
1692385849400 5033.138898625952 265
1692385849415 4977.378197639121 266
1692385849428 4921.12925565025 267
1692385849437 4865.781820775655 268
1692385849447 4810.335914273975 269
1692385849457 4755.547956801575 270
1692385849466 4701.964308681307 271
1692385849476 4649.464659934637 272
1692385849486 4594.965992012203 273
1692385849495 4544.228820471148 274
1692385849504 4491.524845634101 275
1692385849514 4439.633718167939 276
1692385849523 4388.289300043476 277
1692385849533 4338.528924055513 278
1692385849543 4288.2687372208775 279
1692385849551 4236.992247579172 280
1692385849561 4191.266325366337 281
1692385849573 4143.672383114655 282
1692385849584 4094.274379435072 283
1692385849594 4047.960088868359 284
1692385849602 4002.217811785277 285
1692385849611 3956.3264821858174 286
1692385849619 3911.4916269878527 287
1692385849628 3867.323725019384 288
1692385849637 3823.609389092759 289
1692385849646 3780.366362526012 290
1692385849654 3737.4499496846506 291
1692385849663 3696.409978213361 292
1692385849672 3656.3385484761366 293
1692385849682 3613.5344772768267 294
1692385849690 3574.2462875730516 295
1692385849698 3535.199073150272 296
1692385849708 3496.664472715125 297
1692385849717 3458.146884001641 298
1692385849725 3419.877419792648 299
1692385849735 3384.062059624361 300
1692385849745 3346.9351022796 301
1692385849753 3311.213278411912 302
1692385849763 3275.314983140029 303
1692385849771 3242.558932651525 304
1692385849781 3206.7205508842267 305
1692385849790 3174.1547872162364 306
1692385849799 3141.564222489557 307
1692385849808 3110.1724176434254 308
1692385849816 3077.3140598949963 309
1692385849826 3047.1955445249505 310
1692385849835 3016.6395901089018 311
1692385849845 2986.6479760199745 312
1692385849853 2958.8961425956472 313
1692385849864 2928.955038946669 314
1692385849874 2902.7191534357253 315
1692385849884 2873.6109325305874 316
1692385849893 2847.1215028925762 317
1692385849903 2821.854033545899 318
1692385849911 2797.115772016812 319
1692385849921 2770.185529740468 320
1692385849931 2746.501669549089 321
1692385849940 2723.1460112592604 322
1692385849952 2699.6397774142565 323
1692385849963 2676.9375614874352 324
1692385849978 2655.0552172594744 325
1692385849988 2632.931222070016 326
1692385849998 2612.3551204405912 327
1692385850007 2592.0155119370806 328
1692385850017 2570.304353182913 329
1692385850027 2552.202320018236 330
1692385850037 2533.2144996995758 331
1692385850048 2514.294707733653 332
1692385850060 2495.747777496952 333
1692385850070 2478.5284815971877 334
1692385850080 2460.8704594183696 335
1692385850092 2444.284663912748 336
1692385850102 2427.7509125544416 337
1692385850113 2412.34076782767 338
1692385850123 2396.613802218744 339
1692385850134 2380.983799944507 340
1692385850151 2366.082125831775 341
1692385850167 2352.063877847978 342
1692385850180 2337.925595616999 343
1692385850194 2325.277916811586 344
1692385850203 2311.675718077352 345
1692385850213 2298.524605269834 346
1692385850222 2286.036093892824 347
1692385850231 2274.0011806634743 348
1692385850240 2263.2143155042536 349
1692385850250 2250.8061583367517 350
1692385850259 2240.111881658409 351
1692385850268 2228.9885151164813 352
1692385850277 2219.5321885842395 353
1692385850286 2209.3275546987115 354
1692385850295 2199.1566710836933 355
1692385850304 2190.0229798780924 356
1692385850313 2181.2307807047164 357
1692385850323 2171.573568798798 358
1692385850332 2163.137578674969 359
1692385850342 2155.5210757544896 360
1692385850351 2147.575091849501 361
1692385850360 2139.5062258028947 362
1692385850370 2132.65874526333 363
1692385850379 2124.7417101215356 364
1692385850388 2117.5100141516773 365
1692385850397 2111.362539846814 366
1692385850406 2104.522643849576 367
1692385850415 2098.611405861532 368
1692385850424 2091.857465989701 369
1692385850433 2086.1177285381245 370
1692385850441 2080.2798359451017 371
1692385850450 2074.8721193486117 372
1692385850460 2069.0216544094224 373
1692385850470 2064.1789767112073 374
1692385850479 2059.0264694109055 375
1692385850487 2053.986875790572 376
1692385850496 2049.5228327294535 377
1692385850505 2044.821773996491 378
1692385850514 2039.913129304231 379
1692385850523 2035.922334211676 380
1692385850532 2031.7746339046791 381
1692385850542 2027.5092838918938 382
1692385850550 2023.579816934477 383
1692385850560 2019.9642528546087 384
1692385850568 2016.1383287944986 385
1692385850577 2012.490529045602 386
1692385850586 2008.9524625326308 387
1692385850596 2005.5131988379421 388
1692385850609 2002.3570751084847 389
1692385850620 1998.9531483358141 390
1692385850630 1995.6623949696088 391
1692385850639 1993.0282994519048 392
1692385850649 1989.6331955280486 393
1692385850659 1987.0473575199478 394
1692385850669 1983.856449722704 395
1692385850679 1981.6302406668021 396
1692385850687 1978.4290518293951 397
1692385850697 1976.389502728266 398
1692385850706 1973.1799018249933 399
1692385850716 1970.8408551088557 400
1692385850726 1968.4985340017315 401
1692385850735 1966.1508642002107 402
1692385850744 1964.0982873110058 403
1692385850768 1961.7783528851319 404
1692385850779 1959.5158728396389 405
1692385850787 1957.3498389345427 406
1692385850797 1955.1107434177356 407
1692385850805 1953.254064909308 408
1692385850814 1951.2155748753796 409
1692385850823 1949.423347359622 410
1692385850832 1947.3919649420125 411
1692385850841 1945.2623039853522 412
1692385850850 1943.7559059186106 413
1692385850859 1941.8324776470638 414
1692385850868 1939.909068526985 415
1692385850877 1938.2803606851078 416
1692385850885 1936.7554299455498 417
1692385850894 1934.8848927409815 418
1692385850902 1933.333681135324 419
1692385850912 1931.579933857356 420
1692385850921 1930.0807887584674 421
1692385850930 1928.3690738766531 422
1692385850939 1926.809522138131 423
1692385850948 1925.2563886470607 424
1692385850958 1923.7143872197987 425
1692385850968 1922.2971775959702 426
1692385850977 1920.7962016553124 427
1692385850986 1919.4835638062514 428
1692385850996 1917.9883390374719 429
1692385851005 1916.2979310505602 430
1692385851014 1915.1120773599835 431
1692385851023 1913.507133717309 432
1692385851033 1912.2040993589367 433
1692385851042 1910.8226330082496 434
1692385851051 1909.3728439387685 435
1692385851061 1908.0118881086928 436
1692385851070 1906.6257959883762 437
1692385851079 1905.370659094394 438
1692385851089 1904.1943052353045 439
1692385851098 1902.72556360294 440
1692385851107 1901.3939768419903 441
1692385851116 1900.1737570382386 442
1692385851126 1898.9922768003576 443
1692385851135 1897.5463433360599 444
1692385851146 1896.354974637816 445
1692385851155 1895.1262562532552 446
1692385851163 1893.8711999200018 447
1692385851172 1892.6188660891444 448
1692385851182 1891.5247269983943 449
1692385851191 1890.1681785990975 450
1692385851200 1889.0493707553244 451
1692385851210 1887.9436041066358 452
1692385851219 1886.6463034010585 453
1692385851228 1885.4298583556201 454
1692385851237 1884.3467151388088 455
1692385851247 1883.0900942730132 456
1692385851256 1882.0393276890015 457
1692385851265 1880.8432752983797 458
1692385851275 1879.7505093558532 459
1692385851284 1878.5485436359688 460
1692385851293 1877.4212155783523 461
1692385851303 1876.3422864289967 462
1692385851312 1875.1938591705375 463
1692385851321 1874.1499781213477 464
1692385851331 1873.0449984992097 465
1692385851340 1871.8407439595169 466
1692385851350 1870.7978119025931 467
1692385851360 1869.7463801595645 468
1692385851369 1868.6014936376125 469
1692385851378 1867.503887372002 470
1692385851387 1866.3982774538806 471
1692385851396 1865.3339946456422 472
1692385851406 1864.2446827241013 473
1692385851416 1863.265391691782 474
1692385851431 1862.067583217609 475
1692385851445 1861.0678354463148 476
1692385851455 1859.9462044736722 477
1692385851465 1858.8601926020071 478
1692385851476 1857.89349836971 479
1692385851487 1856.785617462223 480
1692385851499 1855.7327261703297 481
1692385851509 1854.6671111601127 482
1692385851519 1853.7445863633177 483
1692385851528 1852.5752803559656 484
1692385851538 1851.5468684188977 485
1692385851548 1850.6077182838155 486
1692385851557 1849.4981128787088 487
1692385851568 1848.5092155155132 488
1692385851577 1847.4377217517385 489
1692385851586 1846.500339791389 490
1692385851596 1845.4603881968947 491
1692385851605 1844.3348988058515 492
1692385851615 1843.3979366467495 493
1692385851623 1842.3903662442044 494
1692385851632 1841.3528585176134 495
1692385851641 1840.3069264712526 496
1692385851650 1839.289153184013 497
1692385851659 1838.419163781417 498
1692385851667 1837.259900881667 499
1692385851677 1836.305312041707 500
1692385851685 1835.3126494404937 501
1692385851694 1834.2855879010426 502
1692385851703 1833.302305497579 503
1692385851712 1832.4003177346997 504
1692385851721 1831.3252202423052 505
1692385851730 1830.3767875954613 506
1692385851738 1829.4328863695011 507
1692385851748 1828.4651600025961 508
1692385851756 1827.4208161325082 509
1692385851765 1826.5460338528605 510
1692385851775 1825.5763678794406 511
1692385851784 1824.637329379112 512
1692385851793 1823.662139561754 513
1692385851802 1822.7059972999998 514
1692385851810 1821.8264030967086 515
1692385851819 1820.8498950051862 516
1692385851828 1819.8511149827054 517
1692385851837 1818.9781687646946 518
1692385851845 1818.0297596047033 519
1692385851855 1817.1311601398104 520
1692385851863 1816.1347263666162 521
1692385851872 1815.3005559885912 522
1692385851881 1814.325792400267 523
1692385851890 1813.383932431204 524
1692385851900 1812.480056818003 525
1692385851908 1811.5598852029843 526
1692385851917 1810.6537276184326 527
1692385851926 1809.7711512778772 528
1692385851935 1808.8087445183617 529
1692385851945 1807.931739427417 530
1692385851954 1806.9795011835024 531
1692385851963 1806.1380660600087 532
1692385851972 1805.2916236150281 533
1692385851981 1804.3880634747757 534
1692385851991 1803.4239146579725 535
1692385852000 1802.5438914886913 536
1692385852009 1801.73658842446 537
1692385852018 1800.815744315597 538
1692385852030 1799.9393294686627 539
1692385852044 1799.1016939833878 540
1692385852056 1798.1563689160748 541
1692385852066 1797.282629018971 542
1692385852077 1796.4808809722824 543
1692385852086 1795.6143386454528 544
1692385852096 1794.6926700299946 545
1692385852106 1793.8592533316466 546
1692385852116 1792.9440721605115 547
1692385852127 1792.1799564865032 548
1692385852137 1791.1925760246518 549
1692385852148 1790.397326976801 550
1692385852158 1789.5275066246352 551
1692385852168 1788.626184607903 552
1692385852178 1787.8310978459997 553
1692385852187 1786.9530163703505 554
1692385852199 1786.0713247341741 555
1692385852214 1785.204422153147 556
1692385852223 1784.426940922446 557
1692385852233 1783.511208174652 558
1692385852242 1782.7183915707092 559
1692385852251 1781.816875657595 560
1692385852261 1780.9954617053531 561
1692385852270 1780.199991485502 562
1692385852278 1779.3652220960246 563
1692385852287 1778.5175423798787 564
1692385852296 1777.7008107055894 565
1692385852306 1776.8801909992685 566
1692385852315 1776.0454778419935 567
1692385852324 1775.2875984363782 568
1692385852334 1774.395089128409 569
1692385852343 1773.6068478135633 570
1692385852352 1772.7828383539938 571
1692385852362 1772.0244573251869 572
1692385852370 1771.2006355749959 573
1692385852380 1770.4184946344851 574
1692385852389 1769.5897619210245 575
1692385852399 1768.8099705487014 576
1692385852409 1768.0283082558392 577
1692385852418 1767.2365672908222 578
1692385852427 1766.4467928823333 579
1692385852436 1765.6755089996811 580
1692385852445 1764.8803070149465 581
1692385852454 1764.102810946731 582
1692385852463 1763.3208812533085 583
1692385852472 1762.5379905510604 584
1692385852482 1761.773543030765 585
1692385852491 1760.9286735040253 586
1692385852500 1760.1828936384597 587
1692385852509 1759.4435751493706 588
1692385852518 1758.639732188134 589
1692385852528 1757.8492311166356 590
1692385852536 1757.0636756570448 591
1692385852545 1756.3213101361866 592
1692385852554 1755.5398316103933 593
1692385852562 1754.7621569013615 594
1692385852571 1753.99582830495 595
1692385852580 1753.2076777465616 596
1692385852590 1752.4914081681209 597
1692385852606 1751.7388946259837 598
1692385852619 1750.8951071711542 599
1692385852629 1750.1799966614976 600
1692385852638 1749.4644088264934 601
1692385852649 1748.7114207498664 602
1692385852658 1747.9078547800607 603
1692385852669 1747.2683909586913 604
1692385852678 1746.464650148605 605
1692385852687 1745.7338953647713 606
1692385852697 1744.9935157265 607
1692385852706 1744.2404592867056 608
1692385852716 1743.5144337603926 609
1692385852726 1742.7316085199573 610
1692385852735 1742.0050496625122 611
1692385852745 1741.2857801639557 612
1692385852754 1740.5965336848703 613
1692385852764 1739.828999095531 614
1692385852772 1739.0909916437597 615
1692385852782 1738.3974565615433 616
1692385852791 1737.6670362278335 617
1692385852800 1736.9443531613663 618
1692385852809 1736.21629397263 619
1692385852818 1735.4929396617945 620
1692385852828 1734.768955094061 621
1692385852836 1734.1027444276112 622
1692385852845 1733.4737412408185 623
1692385852853 1732.684636690624 624
1692385852863 1731.9817581668242 625
1692385852872 1731.2477712946288 626
1692385852880 1730.5497275215616 627
1692385852889 1729.9112294631113 628
1692385852899 1729.1618695304585 629
1692385852907 1728.4781790051272 630
1692385852916 1727.8414887229676 631
1692385852925 1727.161633527977 632
1692385852934 1726.4364261630453 633
1692385852944 1725.7653059377603 634
1692385852952 1725.0945234169349 635
1692385852961 1724.4458187196067 636
1692385852969 1723.7121235398968 637
1692385852979 1723.0779617909234 638
1692385852987 1722.36225685339 639
1692385852997 1721.7830489629969 640
1692385853005 1721.0299609002273 641
1692385853015 1720.3940891065238 642
1692385853025 1719.7148634690066 643
1692385853034 1719.0356510474073 644
1692385853044 1718.3426548952727 645
1692385853053 1717.6742923500683 646
1692385853062 1717.0522705727085 647
1692385853071 1716.340646123985 648
1692385853081 1715.6710509165116 649
1692385853090 1715.0270243475557 650
1692385853099 1714.3227105298527 651
1692385853109 1713.6701343703007 652
1692385853119 1712.991075140965 653
1692385853136 1712.3450681731936 654
1692385853152 1711.6505434963685 655
1692385853162 1711.0589087370183 656
1692385853171 1710.3803206239634 657
1692385853181 1709.7345980765929 658
1692385853191 1709.073581188494 659
1692385853200 1708.4096308443652 660
1692385853211 1707.7440244575405 661
1692385853221 1707.1330998344295 662
1692385853231 1706.4947430771244 663
1692385853241 1705.8637476677038 664
1692385853251 1705.2253622269682 665
1692385853261 1704.5791682816712 666
1692385853270 1703.9907853610327 667
1692385853280 1703.2984479333797 668
1692385853292 1702.7126884157028 669
1692385853302 1702.0578339586148 670
1692385853313 1701.477801640615 671
1692385853322 1700.8627697750835 672
1692385853332 1700.2047975875762 673
1692385853342 1699.5928019915073 674
1692385853351 1698.9748692631913 675
1692385853360 1698.425499104098 676
1692385853370 1697.8176089209642 677
1692385853379 1697.163201233066 678
1692385853388 1696.5695396063602 679
1692385853397 1695.956192461607 680
1692385853406 1695.338317487675 681
1692385853416 1694.7566576119782 682
1692385853425 1694.1129758807695 683
1692385853434 1693.5595162047468 684
1692385853443 1692.9725737603665 685
1692385853452 1692.3109501116003 686
1692385853462 1691.7280350648482 687
1692385853471 1691.1526939276341 688
1692385853483 1690.5692865428841 689
1692385853493 1689.9444871618148 690
1692385853501 1689.3087051610066 691
1692385853510 1688.726098786986 692
1692385853519 1688.2407704345949 693
1692385853529 1687.5635169349716 694
1692385853538 1686.8994918421517 695
1692385853547 1686.3432330620058 696
1692385853556 1685.787599008928 697
1692385853566 1685.1684653764037 698
1692385853576 1684.5289796375503 699
1692385853585 1683.9765011506363 700
1692385853594 1683.3805157779884 701
1692385853603 1682.7563497031174 702
1692385853613 1682.1865117364139 703
1692385853622 1681.6166874855476 704
1692385853631 1681.0238586496434 705
1692385853642 1680.4710844594315 706
1692385853651 1679.854121951405 707
1692385853660 1679.2794710746857 708
1692385853669 1678.7081078117506 709
1692385853679 1678.1389263235656 710
1692385853687 1677.592036221808 711
1692385853696 1677.0215412999414 712
1692385853705 1676.423796302848 713
1692385853714 1675.838842314666 714
1692385853723 1675.2391285945464 715
1692385853732 1674.667194431874 716
1692385853741 1674.15198731899 717
1692385853758 1673.5734704237923 718
1692385853772 1673.033930703496 719
1692385853782 1672.4440930400574 720
1692385853792 1671.9100636263386 721
1692385853802 1671.3434186089187 722
1692385853811 1670.8006624740924 723
1692385853821 1670.2720480793935 724
1692385853830 1669.708533557599 725
1692385853839 1669.1572420801522 726
1692385853848 1668.6337235229482 727
1692385853859 1668.088097015168 728
1692385853868 1667.5552649335768 729
1692385853878 1667.062563614113 730
1692385853887 1666.4632617798218 731
1692385853897 1665.9376423299616 732
1692385853907 1665.410110987343 733
1692385853915 1664.8810301541175 734
1692385853925 1664.3251554641536 735
1692385853933 1663.7824799350144 736
1692385853943 1663.299414921678 737
1692385853951 1662.762785496396 738
1692385853960 1662.2279732986367 739
1692385853969 1661.6584682796383 740
1692385853977 1661.1556731082353 741
1692385853986 1660.6421357360618 742
1692385853996 1660.1438438699313 743
1692385854005 1659.5789355624606 744
1692385854014 1659.0499585891062 745
1692385854022 1658.5838466620326 746
1692385854031 1658.0557813979717 747
1692385854040 1657.5299783404937 748
1692385854049 1656.973896381532 749
1692385854058 1656.4630586356664 750
1692385854067 1655.9373747451284 751
1692385854076 1655.4683669070928 752
1692385854085 1654.9095075867688 753
1692385854094 1654.491104570049 754
1692385854104 1653.9406153238763 755
1692385854113 1653.407666907548 756
1692385854121 1652.8863132930912 757
1692385854131 1652.3967720430178 758
1692385854140 1651.891349604277 759
1692385854150 1651.421420886236 760
1692385854159 1650.9542738040425 761
1692385854168 1650.351708598741 762
1692385854177 1649.8785179045833 763
1692385854186 1649.3890947438733 764
1692385854196 1648.8884703218607 765
1692385854206 1648.3855858526647 766
1692385854215 1647.8872664970481 767
1692385854224 1647.3959663197468 768
1692385854233 1646.9183649888996 769
1692385854243 1646.4084835438612 770
1692385854252 1645.875385755549 771
1692385854261 1645.4051723629968 772
1692385854270 1644.9059948708568 773
1692385854279 1644.4087629133885 774
1692385854288 1643.8977554302196 775
1692385854340 1643.464563220412 776
1692385854352 1642.9753924704098 777
1692385854362 1642.4553008973057 778
1692385854371 1641.9906267504134 779
1692385854381 1641.4824050306431 780
1692385854391 1641.021159368205 781
1692385854401 1640.5424558675722 782
1692385854412 1640.0587670600264 783
1692385854422 1639.5746388200457 784
1692385854431 1639.105031500352 785
1692385854441 1638.630536294705 786
1692385854450 1638.1430918845067 787
1692385854462 1637.689049118309 788
1692385854471 1637.1715220185395 789
1692385854480 1636.731707576001 790
1692385854491 1636.226704932846 791
1692385854509 1635.7651031598382 792
1692385854520 1635.3163970006103 793
1692385854530 1634.8070412774478 794
1692385854539 1634.3409191511319 795
1692385854548 1633.9000036450416 796
1692385854557 1633.3993924111303 797
1692385854566 1632.9275231838408 798
1692385854575 1632.5129712112298 799
1692385854584 1632.049173488448 800
1692385854593 1631.5781471670205 801
1692385854602 1631.093462229655 802
1692385854611 1630.6425989021504 803
1692385854620 1630.1928212959517 804
1692385854629 1629.7132287878742 805
1692385854638 1629.2653653979003 806
1692385854647 1628.7990844216133 807
1692385854655 1628.3630060952978 808
1692385854665 1627.8842080267473 809
1692385854673 1627.4451904878683 810
1692385854682 1627.0346450757713 811
1692385854691 1626.5167003313145 812
1692385854700 1626.0762159497835 813
1692385854709 1625.6296665066725 814
1692385854717 1625.2178936035593 815
1692385854726 1624.7672282269054 816
1692385854735 1624.3101789546952 817
1692385854744 1623.8464898197374 818
1692385854752 1623.4656888424354 819
1692385854762 1622.9828297247768 820
1692385854771 1622.5710762889196 821
1692385854781 1622.1168792167798 822
1692385854789 1621.6814867515163 823
1692385854798 1621.2946510853037 824
1692385854807 1620.8173503103646 825
1692385854816 1620.415232219818 826
1692385854826 1620.01249920195 827
1692385854834 1619.5933620325575 828
1692385854846 1619.1174142006873 829
1692385854859 1618.7028875196404 830
1692385854872 1618.308936627728 831
1692385854881 1617.895119373859 832
1692385854891 1617.4529919776364 833
1692385854900 1617.0168604956982 834
1692385854910 1616.652313241811 835
1692385854918 1616.2127956837244 836
1692385854928 1615.7747424196139 837
1692385854938 1615.3806850224325 838
1692385854947 1614.9576563700145 839
1692385854957 1614.554716663637 840
1692385854967 1614.1078399865623 841
1692385854977 1613.6774422665137 842
1692385854986 1613.311607350188 843
1692385854996 1612.9324865767235 844
1692385855005 1612.4507251037523 845
1692385855014 1612.1087104963776 846
1692385855024 1611.642480075293 847
1692385855033 1611.2761346344805 848
1692385855042 1610.8934083425297 849
1692385855051 1610.5238407041013 850
1692385855060 1610.1454426584012 851
1692385855069 1609.7050952382074 852
1692385855077 1609.3229541382643 853
1692385855086 1608.9247379436488 854
1692385855096 1608.5155770512379 855
1692385855104 1608.156427319428 856
1692385855113 1607.7861375918906 857
1692385855122 1607.3928921335662 858
1692385855131 1606.9775909373577 859
1692385855140 1606.600162177146 860
1692385855149 1606.2456805281063 861
1692385855158 1605.838562046051 862
1692385855167 1605.4806614052266 863
1692385855177 1605.0855855630637 864
1692385855186 1604.695842331652 865
1692385855195 1604.3251667166885 866
1692385855204 1603.912658242063 867
1692385855213 1603.561399445595 868
1692385855222 1603.18781391999 869
1692385855232 1602.800892057565 870
1692385855241 1602.4494057484897 871
1692385855251 1602.0236926202263 872
1692385855260 1601.6501845514676 873
1692385855269 1601.2828353130367 874
1692385855278 1600.8921815216927 875
1692385855287 1600.4884855353 876
1692385855296 1600.1141361926113 877
1692385855306 1599.803343398276 878
1692385855315 1599.3732085493066 879
1692385855325 1599.0332604327602 880
1692385855334 1598.599003484147 881
1692385855343 1598.2443774442486 882
1692385855352 1597.8834083168363 883
1692385855362 1597.5139896796413 884
1692385855371 1597.1692490062562 885
1692385855382 1596.7654978532244 886
1692385855391 1596.4073073404 887
1692385855400 1596.0134697376398 888
1692385855410 1595.7050919880762 889
1692385855419 1595.2989432528946 890
1692385855428 1594.9615597139314 891
1692385855437 1594.5620482404322 892
1692385855448 1594.2645812320427 893
1692385855461 1593.8492966784245 894
1692385855473 1593.5197858819338 895
1692385855483 1593.1336631378185 896
1692385855493 1592.7744173105011 897
1692385855505 1592.45984108914 898
1692385855516 1592.0825662508648 899
1692385855526 1591.7352438312087 900
1692385855535 1591.4008016587627 901
1692385855546 1591.0408499678801 902
1692385855555 1590.6802785515467 903
1692385855565 1590.320853180503 904
1692385855576 1589.9901922301806 905
1692385855585 1589.6265037877533 906
1692385855595 1589.276664399338 907
1692385855604 1589.0013779915016 908
1692385855619 1588.5893188467428 909
1692385855630 1588.2443135790577 910
1692385855640 1587.8908551012535 911
1692385855650 1587.568222173161 912
1692385855659 1587.2175815945386 913
1692385855667 1586.880357237606 914
1692385855677 1586.5204996506893 915
1692385855686 1586.3272340988801 916
1692385855695 1585.8732925599115 917
1692385855704 1585.4860397617958 918
1692385855714 1585.1578971255885 919
1692385855722 1584.9390168037214 920
1692385855732 1584.5465249232075 921
1692385855741 1584.2243838302802 922
1692385855750 1583.8502382550214 923
1692385855759 1583.5005167289967 924
1692385855768 1583.1733539941456 925
1692385855778 1582.867288052017 926
1692385855786 1582.5319345970083 927
1692385855796 1582.191824315876 928
1692385855805 1581.878160019927 929
1692385855813 1581.5501404187444 930
1692385855822 1581.2287167784518 931
1692385855831 1580.879079290117 932
1692385855840 1580.5605728112375 933
1692385855849 1580.263119480678 934
1692385855858 1579.9719506391991 935
1692385855866 1579.6257002839332 936
1692385855876 1579.3123915992642 937
1692385855885 1579.060311820632 938
1692385855893 1578.6797268082253 939
1692385855902 1578.3540892150556 940
1692385855911 1578.062351886033 941
1692385855920 1577.7670776481914 942
1692385855929 1577.4499948486528 943
1692385855937 1577.1296092637551 944
1692385855946 1576.8144798909218 945
1692385855956 1576.5344607440236 946
1692385855965 1576.180101091377 947
1692385855973 1575.8619091078729 948
1692385855982 1575.5866884345485 949
1692385855991 1575.2644958012988 950
1692385856000 1574.9718313241187 951
1692385856009 1574.6362771037973 952
1692385856017 1574.4190941705956 953
1692385856028 1573.9919076149372 954
1692385856040 1573.7207569323027 955
1692385856054 1573.3764809596346 956
1692385856063 1573.11916567194 957
1692385856072 1572.8596327245386 958
1692385856083 1572.538931153795 959
1692385856092 1572.1789855944419 960
1692385856102 1571.9176263661152 961
1692385856111 1571.572534254059 962
1692385856122 1571.3233928329826 963
1692385856132 1571.0363956472204 964
1692385856141 1570.7215098264717 965
1692385856150 1570.4349809715288 966
1692385856161 1570.1664620241997 967
1692385856170 1569.8934244073246 968
1692385856179 1569.5633470152147 969
1692385856189 1569.3014134724408 970
1692385856199 1568.9923502358097 971
1692385856207 1568.7195271193082 972
1692385856217 1568.4135041690029 973
1692385856226 1568.1473202134732 974
1692385856235 1567.8525243244069 975
1692385856245 1567.5485613136468 976
1692385856254 1567.2659693120354 977
1692385856264 1566.9718877815226 978
1692385856272 1566.695336449137 979
1692385856282 1566.3775835756917 980
1692385856291 1566.0966189999458 981
1692385856300 1565.846850385623 982
1692385856310 1565.5256110178927 983
1692385856319 1565.2409025179106 984
1692385856328 1564.9614642147367 985
1692385856337 1564.6680726147824 986
1692385856347 1564.4154986391932 987
1692385856355 1564.0890364427091 988
1692385856365 1563.792739199633 989
1692385856374 1563.5496019139657 990
1692385856383 1563.2339581883605 991
1692385856392 1562.950068332303 992
1692385856401 1562.6504223662766 993
1692385856411 1562.371271702257 994
1692385856420 1562.1155266282437 995
1692385856429 1561.8135152765624 996
1692385856438 1561.5510729652335 997
1692385856447 1561.222587515741 998
1692385856456 1560.9356355282257 999
1692385856466 1560.688281998907 1000
1692385856475 1560.4898371118968 1001
1692385856484 1560.120620122802 1002
1692385856494 1559.8480404018924 1003
1692385856503 1559.5541030698444 1004
1692385856512 1559.2943269862953 1005
1692385856521 1559.0753751883735 1006
1692385856531 1558.8018369686697 1007
1692385856540 1558.4815245958434 1008
1692385856548 1558.2719749546043 1009
1692385856559 1557.9390929676747 1010
1692385856568 1557.6771106403633 1011
1692385856577 1557.4156882874604 1012
1692385856587 1557.1758782913873 1013
1692385856603 1556.8906621074475 1014
1692385856617 1556.64460393921 1015
1692385856628 1556.3765420070636 1016
1692385856637 1556.1175246556595 1017
1692385856648 1555.8789407976722 1018
1692385856657 1555.601700730379 1019
1692385856666 1555.352473057224 1020
1692385856677 1555.0836567162007 1021
1692385856688 1554.8335952608586 1022
1692385856697 1554.6008746418022 1023
1692385856706 1554.3329430865094 1024
1692385856717 1554.081007248832 1025
1692385856728 1553.8561574205871 1026
1692385856737 1553.5988057454672 1027
1692385856747 1553.3360349907389 1028
1692385856756 1553.0881540319524 1029
1692385856773 1552.8574192300619 1030
1692385856783 1552.5932257085049 1031
1692385856791 1552.4216231009511 1032
1692385856800 1552.13887021599 1033
1692385856809 1551.9434341182487 1034
1692385856817 1551.6549022727006 1035
1692385856826 1551.4314015523078 1036
1692385856835 1551.3104415887706 1037
1692385856844 1550.9851197936696 1038
1692385856852 1550.753667495773 1039
1692385856861 1550.5085769881157 1040
1692385856870 1550.3770445264934 1041
1692385856880 1550.0443921531169 1042
1692385856888 1549.7911086131558 1043
1692385856897 1549.5647285243117 1044
1692385856906 1549.3674088894425 1045
1692385856915 1549.0775769181748 1046
1692385856923 1548.8778218330226 1047
1692385856932 1548.6272915151192 1048
1692385856941 1548.4444601376017 1049
1692385856950 1548.153711459335 1050
1692385856959 1547.911682664764 1051
1692385856968 1547.6675686127548 1052
1692385856977 1547.4629340993251 1053
1692385856985 1547.2054951398652 1054
1692385856994 1546.9932361679898 1055
1692385857003 1546.7374516079713 1056
1692385857012 1546.4728215224322 1057
1692385857021 1546.2241747700932 1058
1692385857030 1546.0375978096426 1059
1692385857038 1545.7650199622096 1060
1692385857046 1545.5266328467974 1061
1692385857055 1545.3074840531883 1062
1692385857065 1545.116050619039 1063
1692385857074 1544.8737104084385 1064
1692385857083 1544.6048343602422 1065
1692385857091 1544.3920910985858 1066
1692385857101 1544.164097060454 1067
1692385857110 1543.9340998210832 1068
1692385857118 1543.7078960058993 1069
1692385857129 1543.5104604659948 1070
1692385857136 1543.2688108655786 1071
1692385857146 1543.051322871522 1072
1692385857154 1542.8634285632982 1073
1692385857163 1542.647370770544 1074
1692385857171 1542.4059421726365 1075
1692385857181 1542.1788958697948 1076
1692385857190 1541.9889664493387 1077
1692385857199 1541.7621596223728 1078
1692385857208 1541.5428065709564 1079
1692385857217 1541.3422841545869 1080
1692385857226 1541.1197390396942 1081
1692385857234 1540.8995085397871 1082
1692385857243 1540.6923189193997 1083
1692385857252 1540.4814768370545 1084
1692385857261 1540.3050324162587 1085
1692385857270 1540.0746023688803 1086
1692385857280 1539.8414596078242 1087
1692385857289 1539.637988778033 1088
1692385857299 1539.4482573625123 1089
1692385857308 1539.2301075473808 1090
1692385857317 1539.0521733634623 1091
1692385857326 1538.807808132522 1092
1692385857335 1538.6079040531602 1093
1692385857345 1538.3769561889344 1094
1692385857354 1538.2108732753816 1095
1692385857363 1538.0247838208975 1096
1692385857373 1537.791001317769 1097
1692385857391 1537.597237234519 1098
1692385857405 1537.4111614840776 1099
1692385857415 1537.206056510476 1100
1692385857424 1537.1378678515584 1101
1692385857434 1536.7860645769751 1102
1692385857445 1536.588294189831 1103
1692385857454 1536.413630713652 1104
1692385857465 1536.2155616091607 1105
1692385857474 1536.018191453096 1106
1692385857483 1535.8546519553188 1107
1692385857494 1535.635449993554 1108
1692385857504 1535.4854197274353 1109
1692385857513 1535.2364440787346 1110
1692385857523 1535.044717097677 1111
1692385857535 1534.8691471358482 1112
1692385857546 1534.6794159932742 1113
1692385857555 1534.5154185253466 1114
1692385857564 1534.278083639022 1115
1692385857573 1534.117563507898 1116
1692385857583 1533.9183053315771 1117
1692385857593 1533.7537339979913 1118
1692385857602 1533.514706080418 1119
1692385857611 1533.3436102866401 1120
1692385857620 1533.1422286930124 1121
1692385857629 1532.934093404194 1122
1692385857639 1532.7860181714045 1123
1692385857648 1532.565773332251 1124
1692385857657 1532.387458399024 1125
1692385857667 1532.1887810731216 1126
1692385857676 1532.0355833489912 1127
1692385857685 1531.8254657278728 1128
1692385857694 1531.6487685012244 1129
1692385857703 1531.4337696370433 1130
1692385857712 1531.290350889838 1131
1692385857722 1531.1282393267993 1132
1692385857731 1530.913975817107 1133
1692385857739 1530.7326094883103 1134
1692385857748 1530.5604237522261 1135
1692385857758 1530.3755225880323 1136
1692385857767 1530.200764642843 1137
1692385857777 1529.9967461887823 1138
1692385857785 1529.8163028977021 1139
1692385857795 1529.6520334873405 1140
1692385857804 1529.4680780673782 1141
1692385857813 1529.3122489432835 1142
1692385857822 1529.1223556161851 1143
1692385857832 1528.9343104817638 1144
1692385857841 1528.7570658085203 1145
1692385857850 1528.6243508465475 1146
1692385857860 1528.401817280659 1147
1692385857869 1528.3192918659504 1148
1692385857878 1528.0528045279461 1149
1692385857887 1527.8980021947361 1150
1692385857896 1527.6951100917195 1151
1692385857905 1527.5891435816377 1152
1692385857914 1527.3683532128214 1153
1692385857923 1527.222306349826 1154
1692385857932 1527.060815241539 1155
1692385857940 1526.8875405090419 1156
1692385857949 1526.7039847536528 1157
1692385857959 1526.549678439628 1158
1692385857967 1526.3805107151093 1159
1692385857977 1526.1966049710927 1160
1692385857986 1526.045374780484 1161
1692385857994 1525.884699071841 1162
1692385858003 1525.696181291626 1163
1692385858012 1525.534858559607 1164
1692385858021 1525.3792141133233 1165
1692385858038 1525.1871404600581 1166
1692385858052 1525.0479189078362 1167
1692385858063 1524.9067168018018 1168
1692385858071 1524.700919975767 1169
1692385858081 1524.5381982844765 1170
1692385858090 1524.348293667989 1171
1692385858101 1524.2100816874083 1172
1692385858110 1524.0447436947188 1173
1692385858119 1523.8713423896168 1174
1692385858129 1523.7294691029065 1175
1692385858138 1523.5318678759718 1176
1692385858148 1523.3903798606623 1177
1692385858158 1523.2178844148414 1178
1692385858168 1523.041894234742 1179
1692385858177 1522.915880303675 1180
1692385858190 1522.7697442207157 1181
1692385858202 1522.591281736431 1182
1692385858212 1522.5130602847335 1183
1692385858220 1522.253595843125 1184
1692385858229 1522.110261311898 1185
1692385858237 1521.958100576485 1186
1692385858246 1521.7957789765348 1187
1692385858255 1521.6203611217077 1188
1692385858263 1521.5057854700153 1189
1692385858272 1521.3610622688893 1190
1692385858282 1521.1647102988384 1191
1692385858290 1521.0152289343941 1192
1692385858299 1520.8826171093096 1193
1692385858308 1520.810288017323 1194
1692385858317 1520.563081657783 1195
1692385858326 1520.408548095028 1196
1692385858335 1520.2747715333799 1197
1692385858345 1520.110822643943 1198
1692385858353 1519.9692230226005 1199
1692385858362 1519.83416605276 1200
1692385858371 1519.7249857893457 1201
1692385858381 1519.5548331510115 1202
1692385858390 1519.4380256320094 1203
1692385858400 1519.2973941972073 1204
1692385858408 1519.1590272228862 1205
1692385858417 1518.9755466733802 1206
1692385858427 1518.87072906882 1207
1692385858436 1518.720429434464 1208
1692385858445 1518.5418168344206 1209
1692385858454 1518.3990329635285 1210
1692385858464 1518.2406705862493 1211
1692385858473 1518.080844468838 1212
1692385858483 1518.069568140168 1213
1692385858491 1517.8047377422556 1214
1692385858500 1517.652001930761 1215
1692385858510 1517.4907214836235 1216
1692385858519 1517.3673333900424 1217
1692385858529 1517.2240537390642 1218
1692385858538 1517.1008923330228 1219
1692385858547 1516.946802499295 1220
1692385858556 1516.8132320166856 1221
1692385858566 1516.6614262515477 1222
1692385858574 1516.494752843559 1223
1692385858583 1516.3909584711425 1224
1692385858592 1516.241862942264 1225
1692385858601 1516.0930763579024 1226
1692385858611 1515.9823550491174 1227
1692385858620 1515.8445995919735 1228
1692385858629 1515.787087022705 1229
1692385858638 1515.5582155709446 1230
1692385858648 1515.4286020221477 1231
1692385858657 1515.2959754666037 1232
1692385858665 1515.2640616926392 1233
1692385858676 1514.9995005766987 1234
1692385858684 1514.8648866024655 1235
1692385858694 1514.7391424535958 1236
1692385858703 1514.583941358954 1237
1692385858712 1514.4696349217995 1238
1692385858721 1514.3575276108734 1239
1692385858731 1514.2281034731154 1240
1692385858740 1514.0601494872951 1241
1692385858750 1513.9172829234244 1242
1692385858759 1513.7890049298974 1243
1692385858767 1513.6671949945512 1244
1692385858777 1513.5323704466912 1245
1692385858786 1513.405576602593 1246
1692385858796 1513.2893595593155 1247
1692385858805 1513.1200082030834 1248
1692385858814 1512.9769714026647 1249
1692385858823 1512.870574174561 1250
1692385858832 1512.7173729959466 1251
1692385858842 1512.6108163523088 1252
1692385858852 1512.447641079074 1253
1692385858864 1512.3305992586806 1254
1692385858879 1512.23621918673 1255
1692385858889 1512.0650590798002 1256
1692385858899 1511.949022989118 1257
1692385858909 1511.881450399265 1258
1692385858918 1511.7066413787345 1259
1692385858928 1511.5792955046177 1260
1692385858937 1511.425907884615 1261
1692385858947 1511.3407932940866 1262
1692385858956 1511.2109257694538 1263
1692385858966 1511.0928567173507 1264
1692385858975 1510.9859090265845 1265
1692385858985 1510.8429747614193 1266
1692385858995 1510.7386131475516 1267
1692385859004 1510.599280943714 1268
1692385859014 1510.4850186522967 1269
1692385859023 1510.3986972004843 1270
1692385859033 1510.3424839541608 1271
1692385859042 1510.1588997532733 1272
1692385859050 1510.0187551980562 1273
1692385859060 1509.968075005972 1274
1692385859068 1509.7750345006634 1275
1692385859078 1509.6723746511936 1276
1692385859087 1509.5708419407015 1277
1692385859096 1509.4391530134467 1278
1692385859104 1509.3582378985784 1279
1692385859113 1509.2361277820803 1280
1692385859122 1509.0866456730168 1281
1692385859131 1508.9910128053966 1282
1692385859140 1508.8569942638637 1283
1692385859149 1508.7610917584718 1284
1692385859158 1508.6332429633135 1285
1692385859167 1508.5072578453814 1286
1692385859176 1508.4221267073244 1287
1692385859185 1508.3404741430868 1288
1692385859194 1508.1846646997728 1289
1692385859203 1508.1044067526707 1290
1692385859212 1507.9592399716757 1291
1692385859221 1507.8562453717896 1292
1692385859230 1507.7344938094345 1293
1692385859238 1507.6012760472968 1294
1692385859248 1507.5285384880685 1295
1692385859256 1507.4256761398065 1296
1692385859265 1507.2971014433354 1297
1692385859273 1507.2136884930082 1298
1692385859283 1507.0668619283595 1299
1692385859292 1506.9891719143004 1300
1692385859301 1506.8744801384369 1301
1692385859310 1506.75132162246 1302
1692385859318 1506.665819111531 1303
1692385859327 1506.5558854017718 1304
1692385859336 1506.4527534597337 1305
1692385859345 1506.3441806351193 1306
1692385859353 1506.2494142337368 1307
1692385859362 1506.1370857171437 1308
1692385859371 1506.0670878782025 1309
1692385859380 1505.9896949396364 1310
1692385859390 1505.8673292575982 1311
1692385859399 1505.7426105777756 1312
1692385859408 1505.6445609461741 1313
1692385859417 1505.5302481365 1314
1692385859427 1505.4480060974306 1315
1692385859436 1505.3438646294135 1316
1692385859446 1505.247646264321 1317
1692385859455 1505.1979450029598 1318
1692385859464 1505.075368321179 1319
1692385859472 1505.009079447068 1320
1692385859482 1504.8747114221205 1321
1692385859491 1504.7870629303848 1322
1692385859502 1504.6700527070047 1323
1692385859510 1504.5851089327034 1324
1692385859519 1504.5129686089879 1325
1692385859529 1504.414853255219 1326
1692385859538 1504.3033356879985 1327
1692385859548 1504.2652501894515 1328
1692385859557 1504.0857751852666 1329
1692385859567 1504.0287247065187 1330
1692385859584 1503.9182842546575 1331
1692385859599 1503.8191653668148 1332
1692385859613 1503.7351358965714 1333
1692385859623 1503.6203975726783 1334
1692385859635 1503.5366757867278 1335
1692385859646 1503.4991482459698 1336
1692385859657 1503.370188304022 1337
1692385859668 1503.3084301883403 1338
1692385859680 1503.1906179290502 1339
1692385859688 1503.099741296747 1340
1692385859700 1503.0329439100083 1341
1692385859711 1502.935265852411 1342
1692385859720 1502.8136459872717 1343
1692385859732 1502.7705990424977 1344
1692385859744 1502.6589860593351 1345
1692385859753 1502.602194001849 1346
1692385859768 1502.5119991321349 1347
1692385859781 1502.4865513472332 1348
1692385859791 1502.3522439537394 1349
1692385859802 1502.2625232576102 1350
1692385859812 1502.143049249197 1351
1692385859821 1502.0754327755544 1352
1692385859831 1501.9877615712398 1353
1692385859840 1501.8612817749458 1354
1692385859849 1501.7796609553302 1355
1692385859858 1501.6883123875211 1356
1692385859867 1501.6112931010919 1357
1692385859876 1501.5116601370798 1358
1692385859885 1501.4165898460262 1359
1692385859895 1501.3903805323032 1360
1692385859904 1501.2402074599931 1361
1692385859912 1501.1723413531731 1362
1692385859921 1501.0785094671623 1363
1692385859931 1500.996612948028 1364
1692385859940 1500.8839213641386 1365
1692385859950 1500.8115661579948 1366
1692385859959 1500.6958781457615 1367
1692385859968 1500.6977814552552 1368
1692385859978 1500.525275147216 1369
1692385859987 1500.4444434482455 1370
1692385859995 1500.3974053297134 1371
1692385860004 1500.3222243602022 1372
1692385860015 1500.1996008432995 1373
1692385860024 1500.1483055954686 1374
1692385860034 1500.0331117028281 1375
1692385860044 1499.9751352852734 1376
1692385860053 1499.888043005416 1377
1692385860062 1499.8004970741508 1378
1692385860070 1499.7216365803135 1379
1692385860079 1499.6526469941025 1380
1692385860089 1499.584175164357 1381
1692385860098 1499.4896871796277 1382
1692385860108 1499.521991167055 1383
1692385860116 1499.485180829822 1384
1692385860125 1499.3941396757655 1385
1692385860134 1499.1783245593206 1386
1692385860143 1499.1550387992702 1387
1692385860152 1499.037342307899 1388
1692385860161 1498.962676040841 1389
1692385860170 1498.8648574903816 1390
1692385860179 1498.8539024982072 1391
1692385860187 1498.7553911039945 1392
1692385860197 1498.6584831486246 1393
1692385860213 1498.5839034394285 1394
1692385860223 1498.5153398019281 1395
1692385860233 1498.4519905284546 1396
1692385860243 1498.405402596026 1397
1692385860252 1498.2825396046176 1398
1692385860262 1498.2235995631095 1399
1692385860271 1498.1753013736457 1400
1692385860281 1498.0972341889767 1401
1692385860290 1497.9925745526373 1402
1692385860299 1497.9981242412564 1403
1692385860310 1497.855896560461 1404
1692385860319 1497.7750149677108 1405
1692385860329 1497.7719287031032 1406
1692385860338 1497.6474506678587 1407
1692385860348 1497.555944223225 1408
1692385860358 1497.4860966609829 1409
1692385860367 1497.4347393088026 1410
1692385860377 1497.386957467517 1411
1692385860384 1497.2919183520796 1412
1692385860394 1497.227682150816 1413
1692385860403 1497.1734545231373 1414
1692385860412 1497.099361370927 1415
1692385860420 1496.9973630573402 1416
1692385860429 1496.9923451147636 1417
1692385860438 1496.8838686389413 1418
1692385860447 1496.8477904797771 1419
1692385860455 1496.7806804830643 1420
1692385860464 1496.7534588637097 1421
1692385860473 1496.6377242904273 1422
1692385860482 1496.5739304990652 1423
1692385860491 1496.5129837363552 1424
1692385860500 1496.4568461917172 1425
1692385860510 1496.3894789009025 1426
1692385860519 1496.3070084096657 1427
1692385860528 1496.2894796160929 1428
1692385860537 1496.1535509927205 1429
1692385860546 1496.0426570667537 1430
1692385860556 1495.9717881398715 1431
1692385860567 1495.9339606640763 1432
1692385860577 1495.8380341105947 1433
1692385860586 1495.766947410124 1434
1692385860596 1495.691955183129 1435
1692385860604 1495.6225198035047 1436
1692385860614 1495.535621105656 1437
1692385860624 1495.540219880591 1438
1692385860633 1495.4267572644644 1439
1692385860642 1495.355509454097 1440
1692385860651 1495.303448150022 1441
1692385860661 1495.2806977102196 1442
1692385860670 1495.1875049766666 1443
1692385860679 1495.1712673608233 1444
1692385860688 1495.064860188559 1445
1692385860698 1495.0062814360394 1446
1692385860707 1494.965870276442 1447
1692385860717 1494.9327323640753 1448
1692385860727 1494.8124639328023 1449
1692385860736 1494.764625943505 1450
1692385860745 1494.7692134393583 1451
1692385860754 1494.6874708505914 1452
1692385860764 1494.5907229585928 1453
1692385860773 1494.537149047121 1454
1692385860782 1494.4807464442658 1455
1692385860791 1494.4514755993205 1456
1692385860801 1494.354695802611 1457
1692385860811 1494.2976039655396 1458
1692385860822 1494.247433755413 1459
1692385860834 1494.3833941347343 1460
1692385860849 1494.1610207461981 1461
1692385860859 1494.1671046130493 1462
1692385860869 1494.0313922630892 1463
1692385860879 1493.9854809668452 1464
1692385860889 1493.9524493986976 1465
1692385860898 1493.8554109849601 1466
1692385860909 1493.840965999967 1467
1692385860919 1493.7528660743753 1468
1692385860928 1493.697630968024 1469
1692385860938 1493.6586068158015 1470
1692385860947 1493.5580563206395 1471
1692385860957 1493.5140377349544 1472
1692385860967 1493.4635135762685 1473
1692385860976 1493.3942496925972 1474
1692385860987 1493.4114163008235 1475
1692385861000 1493.3095312048854 1476
1692385861014 1493.2042476179408 1477
1692385861023 1493.192211811708 1478
1692385861032 1493.1150740450764 1479
1692385861041 1493.0537945719586 1480
1692385861050 1492.9617767034824 1481
1692385861060 1492.9495764050955 1482
1692385861069 1492.8592083672165 1483
1692385861078 1492.8262823619953 1484
1692385861086 1492.7854330392197 1485
1692385861095 1492.7063929921892 1486
1692385861103 1492.6571414321006 1487
1692385861113 1492.6103883917142 1488
1692385861122 1492.5428421092593 1489
1692385861131 1492.4963109667237 1490
1692385861139 1492.427380919178 1491
1692385861148 1492.3701621672833 1492
1692385861156 1492.3270822003185 1493
1692385861165 1492.251842482672 1494
1692385861174 1492.2671720167612 1495
1692385861183 1492.187724513373 1496
1692385861192 1492.0885575486927 1497
1692385861201 1492.0641050499 1498
1692385861210 1491.9970998799374 1499
1692385861218 1491.9901407079858 1500
1692385861227 1491.8790777828742 1501
1692385861236 1491.8272028813153 1502
1692385861245 1491.90060649932 1503
1692385861253 1491.7323618011962 1504
1692385861262 1491.7425397885263 1505
1692385861271 1491.7011125979043 1506
1692385861280 1491.6013793979682 1507
1692385861288 1491.629668058828 1508
1692385861298 1491.5075791320244 1509
1692385861306 1491.480488829542 1510
1692385861315 1491.4131981246674 1511
1692385861324 1491.3563662114013 1512
1692385861333 1491.311264863207 1513
1692385861341 1491.254825484375 1514
1692385861350 1491.2269071196838 1515
1692385861359 1491.1761612281036 1516
1692385861368 1491.135497537655 1517
1692385861377 1491.0690030719034 1518
1692385861385 1491.0125305148172 1519
1692385861394 1490.9747095781574 1520
1692385861404 1490.9323327424036 1521
1692385861413 1490.8750481552806 1522
1692385861421 1490.8797292809995 1523
1692385861430 1490.8907769635866 1524
1692385861440 1490.7992708667655 1525
1692385861448 1490.8261322575538 1526
1692385861457 1490.7202277597105 1527
1692385861466 1490.7295061592984 1528
1692385861475 1490.6485634548594 1529
1692385861484 1490.6677742812162 1530
1692385861494 1490.5768908238222 1531
1692385861502 1490.5388298607033 1532
1692385861511 1490.466009536096 1533
1692385861520 1490.458906907985 1534
1692385861535 1490.4272638215368 1535
1692385861548 1490.2953401326913 1536
1692385861558 1490.216366888719 1537
1692385861568 1490.1614967136509 1538
1692385861579 1490.1899387416356 1539
1692385861589 1490.1288481002762 1540
1692385861598 1490.0243251967463 1541
1692385861609 1489.9829526228145 1542
1692385861619 1489.9809099991649 1543
1692385861630 1489.972743060663 1544
1692385861640 1490.051862262646 1545
1692385861651 1489.861063413259 1546
1692385861661 1489.7773379319738 1547
1692385861670 1489.7988119379743 1548
1692385861680 1489.6707767052328 1549
1692385861689 1489.6198644405795 1550
1692385861700 1489.5970050641658 1551
1692385861709 1489.5321666901243 1552
1692385861718 1489.4961398599626 1553
1692385861727 1489.4682578338247 1554
1692385861736 1489.4541642895206 1555
1692385861746 1489.401080990223 1556
1692385861755 1489.3296795181136 1557
1692385861764 1489.3133760864187 1558
1692385861774 1489.264693385562 1559
1692385861783 1489.2249900519366 1560
1692385861792 1489.1896746419686 1561
1692385861801 1489.135721410318 1562
1692385861810 1489.0989254093704 1563
1692385861820 1489.061145826028 1564
1692385861829 1489.057421955015 1565
1692385861838 1488.9852207691604 1566
1692385861848 1488.9799447802193 1567
1692385861857 1488.9017334106513 1568
1692385861865 1488.8639565669494 1569
1692385861875 1488.831598674153 1570
1692385861885 1488.7784410792838 1571
1692385861894 1488.8164256711145 1572
1692385861903 1488.7764255769882 1573
1692385861913 1488.7013079980422 1574
1692385861922 1488.6956266538757 1575
1692385861931 1488.5947925136609 1576
1692385861940 1488.5574230893355 1577
1692385861949 1488.4936087194153 1578
1692385861959 1488.471903194052 1579
1692385861968 1488.4705129302622 1580
1692385861978 1488.47109359487 1581
1692385861986 1488.4245602194533 1582
1692385861996 1488.3410143613205 1583
1692385862005 1488.3033125390248 1584
1692385862013 1488.306860731232 1585
1692385862022 1488.2625467472767 1586
1692385862032 1488.1856127206395 1587
1692385862042 1488.156120432746 1588
1692385862050 1488.1483752660154 1589
1692385862060 1488.104739468146 1590
1692385862069 1488.0881086705756 1591
1692385862078 1488.0393876320184 1592
1692385862087 1487.992164449511 1593
1692385862096 1487.9665628198134 1594
1692385862106 1487.901651775603 1595
1692385862115 1487.9058325289943 1596
1692385862125 1487.8750592306924 1597
1692385862135 1487.8151190582792 1598
1692385862144 1487.7843317348609 1599
1692385862154 1487.7531178334432 1600
1692385862163 1487.726514290726 1601
1692385862172 1487.7147159407136 1602
1692385862184 1487.6793737327694 1603
1692385862196 1487.6046267331806 1604
1692385862209 1487.5962089535096 1605
1692385862218 1487.5467973706557 1606
1692385862228 1487.5438624139633 1607
1692385862238 1487.489831806419 1608
1692385862247 1487.4400590356965 1609
1692385862256 1487.418852898709 1610
1692385862267 1487.391570217127 1611
1692385862276 1487.3781634471466 1612
1692385862286 1487.306477214682 1613
1692385862296 1487.2736982103888 1614
1692385862306 1487.287547468964 1615
1692385862315 1487.2319750093457 1616
1692385862324 1487.270426884772 1617
1692385862334 1487.1618031202518 1618
1692385862346 1487.2499177048214 1619
1692385862357 1487.096701782794 1620
1692385862367 1487.124053039806 1621
1692385862375 1487.034913046676 1622
1692385862384 1487.0510194249487 1623
1692385862394 1486.9635590256225 1624
1692385862402 1486.9330523405072 1625
1692385862410 1486.9135485966628 1626
1692385862419 1486.8740523071954 1627
1692385862428 1486.9605174037674 1628
1692385862437 1486.8504330053447 1629
1692385862446 1486.8624962566394 1630
1692385862455 1486.821084837907 1631
1692385862464 1486.8153055987536 1632
1692385862473 1487.0009885098868 1633
1692385862482 1486.6960088554697 1634
1692385862490 1486.687962362509 1635
1692385862500 1486.6208875288296 1636
1692385862508 1486.5817574443265 1637
1692385862517 1486.5397509376353 1638
1692385862526 1486.5277923899912 1639
1692385862534 1486.4609806860055 1640
1692385862544 1486.5047186723757 1641
1692385862552 1486.4616502876797 1642
1692385862561 1486.4071703897248 1643
1692385862570 1486.3684384318508 1644
1692385862579 1486.3632461162706 1645
1692385862587 1486.3433611026946 1646
1692385862597 1486.2744843365865 1647
1692385862605 1486.282632075242 1648
1692385862614 1486.2056134497977 1649
1692385862623 1486.2161596388871 1650
1692385862633 1486.2440021449008 1651
1692385862642 1486.1282482772108 1652
1692385862651 1486.1007508575165 1653
1692385862661 1486.0586207519036 1654
1692385862670 1486.0302821441257 1655
1692385862680 1486.0016053021527 1656
1692385862689 1485.9973754589053 1657
1692385862698 1485.9610765658279 1658
1692385862707 1486.0360899042744 1659
1692385862717 1485.9193561509107 1660
1692385862727 1485.8674670435414 1661
1692385862736 1485.829986118777 1662
1692385862746 1485.8840611998144 1663
1692385862754 1485.787876555093 1664
1692385862764 1485.8042489628751 1665
1692385862772 1485.7433732228853 1666
1692385862782 1485.7016746388924 1667
1692385862793 1485.67129857971 1668
1692385862808 1485.6657099167955 1669
1692385862819 1485.6414693821564 1670
1692385862830 1485.608031382052 1671
1692385862839 1485.5775565530776 1672
1692385862849 1485.5402503462215 1673
1692385862859 1485.5455648406942 1674
1692385862869 1485.4731267207133 1675
1692385862879 1485.4485879176643 1676
1692385862889 1485.4119317637171 1677
1692385862898 1485.380444988559 1678
1692385862908 1485.3668435941236 1679
1692385862918 1485.3483001817067 1680
1692385862929 1485.3406114607847 1681
1692385862939 1485.323661159602 1682
1692385862948 1485.2947833253281 1683
1692385862958 1485.2635250997484 1684
1692385862968 1485.2245221465766 1685
1692385862978 1485.2078951462154 1686
1692385862987 1485.1552793376486 1687
1692385862996 1485.1237431054838 1688
1692385863005 1485.095137616424 1689
1692385863014 1485.176804176055 1690
1692385863023 1485.2372857244331 1691
1692385863033 1485.0601415806493 1692
1692385863043 1485.0496972572312 1693
1692385863052 1484.9763576867724 1694
1692385863061 1484.9597190725863 1695
1692385863070 1485.0227809477594 1696
1692385863080 1484.9664645779603 1697
1692385863089 1484.8986015181688 1698
1692385863098 1485.0422646909076 1699
1692385863107 1484.9224073670016 1700
1692385863117 1484.8294078948834 1701
1692385863126 1484.9727123457565 1702
1692385863135 1484.7835741746608 1703
1692385863145 1484.710868781959 1704
1692385863153 1484.789548170293 1705
1692385863162 1484.7958145313833 1706
1692385863171 1484.7296855085929 1707
1692385863180 1484.6265955259398 1708
1692385863188 1484.6056304470717 1709
1692385863197 1484.593413765907 1710
1692385863206 1484.5575972514957 1711
1692385863214 1484.5288905855468 1712
1692385863223 1484.4918537095423 1713
1692385863232 1484.5122049252575 1714
1692385863241 1484.4792260126683 1715
1692385863250 1484.4739600478883 1716
1692385863259 1484.4395771760546 1717
1692385863268 1484.3837055643955 1718
1692385863277 1484.355446480884 1719
1692385863285 1484.3940125763743 1720
1692385863294 1484.2999093359558 1721
1692385863304 1484.2663999152478 1722
1692385863317 1484.231841150836 1723
1692385863328 1484.2228252534906 1724
1692385863338 1484.2008566800782 1725
1692385863349 1484.3805157074232 1726
1692385863360 1484.1908627857915 1727
1692385863370 1484.2081179870445 1728
1692385863381 1484.1671026849858 1729
1692385863391 1484.2034315371664 1730
1692385863400 1484.1430950843562 1731
1692385863408 1484.080627307311 1732
1692385863418 1484.2023882761514 1733
1692385863428 1484.0277454656755 1734
1692385863438 1484.0661073871465 1735
1692385863454 1484.0364203201798 1736
1692385863465 1484.1407272188442 1737
1692385863477 1484.0057895541054 1738
1692385863486 1483.9945817576524 1739
1692385863496 1483.9659328140074 1740
1692385863506 1483.8914501589227 1741
1692385863516 1483.8650687331267 1742
1692385863526 1483.7732438923922 1743
1692385863535 1483.787666483752 1744
1692385863545 1483.7262998525607 1745
1692385863555 1483.7283519104428 1746
1692385863565 1483.6827319604108 1747
1692385863575 1483.698422278241 1748
1692385863584 1483.6541117229015 1749
1692385863594 1483.6250104401738 1750
1692385863603 1483.608971171168 1751
1692385863615 1483.575857153498 1752
1692385863626 1483.649692744364 1753
1692385863635 1483.5486397661443 1754
1692385863644 1483.6497510270412 1755
1692385863652 1483.516489132222 1756
1692385863661 1483.480321755721 1757
1692385863670 1483.4607281881606 1758
1692385863680 1483.4169690788326 1759
1692385863688 1483.379296065615 1760
1692385863698 1483.4816288903735 1761
1692385863708 1483.3659095724565 1762
1692385863717 1483.345720377629 1763
1692385863726 1483.3197664359948 1764
1692385863735 1483.3141001889546 1765
1692385863745 1483.3410076460168 1766
1692385863754 1483.2556814331735 1767
1692385863764 1483.2736382863063 1768
1692385863773 1483.2309593531832 1769
1692385863783 1483.2078731684683 1770
1692385863793 1483.3233470079438 1771
1692385863802 1483.2383635553206 1772
1692385863811 1483.1524077639585 1773
1692385863820 1483.1223350206233 1774
1692385863829 1483.162600237207 1775
1692385863838 1483.130402290306 1776
1692385863848 1483.0900693827452 1777
1692385863857 1483.099914320984 1778
1692385863866 1483.0949477205927 1779
1692385863876 1483.0426656441318 1780
1692385863885 1483.0472462804744 1781
1692385863894 1483.0157673385602 1782
1692385863903 1482.9710215794648 1783
1692385863913 1483.1166352781254 1784
1692385863921 1482.93937433568 1785
1692385863930 1482.9240586628016 1786
1692385863939 1482.9030028399984 1787
1692385863948 1482.8758868419934 1788
1692385863958 1482.9098917554327 1789
1692385863967 1482.84090387013 1790
1692385863976 1482.8136947435078 1791
1692385863985 1482.7975417827738 1792
1692385863995 1482.8206976383153 1793
1692385864004 1482.7630025714473 1794
1692385864012 1482.9069953519827 1795
1692385864021 1482.80068494319 1796
1692385864031 1482.7721885591106 1797
1692385864040 1482.7492432968243 1798
1692385864049 1482.8372156390712 1799
1692385864058 1482.7474826158368 1800
1692385864067 1482.7020273736625 1801
1692385864077 1482.6759202733683 1802
1692385864086 1482.7410508451949 1803
1692385864095 1482.7149461273286 1804
1692385864104 1482.60439338339 1805
1692385864114 1482.5774634631937 1806
1692385864122 1482.6310094287508 1807
1692385864132 1482.5724581985435 1808
1692385864140 1482.5080436000558 1809
1692385864150 1482.564656470098 1810
1692385864160 1482.507504179377 1811
1692385864169 1482.4904640691384 1812
1692385864178 1482.5087252878861 1813
1692385864187 1482.4497285585328 1814
1692385864197 1482.4546601324753 1815
1692385864206 1482.4671519471601 1816
1692385864215 1482.4519509781715 1817
1692385864223 1482.4101232357827 1818
1692385864233 1482.3635413596792 1819
1692385864242 1482.3860213155722 1820
1692385864252 1482.3485745241067 1821
1692385864261 1482.3131749938557 1822
1692385864270 1482.3132091612165 1823
1692385864279 1482.3057810372245 1824
1692385864288 1482.2465405958428 1825
1692385864297 1482.2293590024358 1826
1692385864306 1482.2145042912057 1827
1692385864316 1482.2131753360281 1828
1692385864325 1482.1924365548289 1829
1692385864342 1482.1816913005516 1830
1692385864351 1482.1960646940927 1831
1692385864361 1482.1676540197732 1832
1692385864369 1482.1185315691769 1833
1692385864378 1482.16121338259 1834
1692385864386 1482.1065202377742 1835
1692385864396 1482.0840132937528 1836
1692385864404 1482.0536205637839 1837
1692385864414 1482.0852165064252 1838
1692385864431 1481.9991369332774 1839
1692385864441 1482.0135145104177 1840
1692385864452 1481.9512017985207 1841
1692385864462 1481.954260972515 1842
1692385864472 1481.9251058119048 1843
1692385864482 1481.9766902889594 1844
1692385864490 1481.9266123254386 1845
1692385864501 1481.9269259057514 1846
1692385864510 1482.0100900204293 1847
1692385864519 1481.9116279211796 1848
1692385864529 1481.8885339143626 1849
1692385864538 1481.866238240283 1850
1692385864548 1481.9053123549202 1851
1692385864557 1481.8376054907096 1852
1692385864566 1481.8305960520431 1853
1692385864577 1481.80522319595 1854
1692385864587 1481.7778425189747 1855
1692385864596 1481.831187172657 1856
1692385864604 1481.8333108030918 1857
1692385864614 1481.7337723572766 1858
1692385864622 1481.715575579793 1859
1692385864631 1481.6967544222132 1860
1692385864640 1481.6866654061464 1861
1692385864648 1481.6615326350725 1862
1692385864657 1481.65742130337 1863
1692385864667 1481.6321856489808 1864
1692385864676 1481.604765562695 1865
1692385864684 1481.620539425344 1866
1692385864693 1481.5706890135825 1867
1692385864702 1481.60679886962 1868
1692385864712 1481.5613344972962 1869
1692385864720 1481.5778669955475 1870
1692385864730 1481.505161358293 1871
1692385864739 1481.5157338341764 1872
1692385864748 1481.4810564410081 1873
1692385864757 1481.476879343624 1874
1692385864767 1481.4474482621686 1875
1692385864777 1481.455068708154 1876
1692385864786 1481.4844893560214 1877
1692385864795 1481.4287009068908 1878
1692385864804 1481.4471293489173 1879
1692385864814 1481.4843997461837 1880
1692385864823 1481.4649441803997 1881
1692385864832 1481.4415999674877 1882
1692385864841 1481.4682604126021 1883
1692385864851 1481.3934277755595 1884
1692385864860 1481.353833040965 1885
1692385864869 1481.3284476464505 1886
1692385864878 1481.425116400473 1887
1692385864887 1481.300526915354 1888
1692385864896 1481.3921764338074 1889
1692385864905 1481.2284038655423 1890
1692385864914 1481.2095581486085 1891
1692385864923 1481.184121528536 1892
1692385864932 1481.2570703165202 1893
1692385864942 1481.1711228794923 1894
1692385864951 1481.1831498486786 1895
1692385864960 1481.1776757987384 1896
1692385864969 1481.1461405235261 1897
1692385864978 1481.152073118299 1898
1692385864987 1481.1249290256928 1899
1692385864996 1481.1339311653117 1900
1692385865006 1481.1440297021747 1901
1692385865016 1481.1010007394295 1902
1692385865026 1481.0623858019937 1903
1692385865035 1481.0542981573317 1904
1692385865045 1481.019089685123 1905
1692385865053 1481.0285905976652 1906
1692385865063 1481.129595958493 1907
1692385865072 1480.9789058589906 1908
1692385865081 1481.2052823242811 1909
1692385865091 1481.0166288009402 1910
1692385865100 1480.953662135223 1911
1692385865109 1480.9452506198909 1912
1692385865119 1480.936945326913 1913
1692385865128 1480.931380843759 1914
1692385865137 1480.9107949263762 1915
1692385865146 1480.9281719592543 1916
1692385865155 1480.8812759696386 1917
1692385865167 1480.860678425788 1918
1692385865178 1480.8559887852934 1919
1692385865192 1480.9026704019514 1920
1692385865202 1480.8897846906775 1921
1692385865213 1480.7995656468536 1922
1692385865221 1480.8218553332922 1923
1692385865232 1480.7941388496763 1924
1692385865242 1480.7897922005188 1925
1692385865251 1480.7695373764473 1926
1692385865261 1480.747804667119 1927
1692385865270 1480.8072057206123 1928
1692385865280 1480.7193449281365 1929
1692385865289 1480.7350311660732 1930
1692385865299 1480.7189089836231 1931
1692385865308 1480.6985453696743 1932
1692385865318 1480.6973697443505 1933
1692385865336 1480.7098092468539 1934
1692385865346 1480.7198180225569 1935
1692385865355 1480.7868455009295 1936
1692385865364 1480.7599392023337 1937
1692385865373 1480.6403813300699 1938
1692385865382 1480.6030799495525 1939
1692385865391 1481.0271226831444 1940
1692385865400 1480.585223994949 1941
1692385865409 1480.5580837220377 1942
1692385865418 1480.6102525353808 1943
1692385865427 1480.5483331769262 1944
1692385865436 1480.562084167937 1945
1692385865445 1480.526229040415 1946
1692385865454 1480.5423214442646 1947
1692385865463 1480.4950229934338 1948
1692385865471 1480.6150072402309 1949
1692385865480 1480.4561405971228 1950
1692385865488 1480.435568309124 1951
1692385865498 1480.4550639072029 1952
1692385865506 1480.4617434608326 1953
1692385865516 1480.4334948179533 1954
1692385865524 1480.4808444925677 1955
1692385865534 1480.4314373335665 1956
1692385865543 1480.4516577003817 1957
1692385865552 1480.408398762889 1958
1692385865560 1480.4010558203465 1959
1692385865569 1480.4230004879562 1960
1692385865577 1480.398114415781 1961
1692385865586 1480.3656653015398 1962
1692385865595 1480.3636047958169 1963
1692385865604 1480.319966614793 1964
1692385865613 1480.307261528635 1965
1692385865622 1480.3134283000009 1966
1692385865631 1480.3141128932646 1967
1692385865639 1480.2901177186366 1968
1692385865648 1480.2988472469447 1969
1692385865657 1480.4479507348694 1970
1692385865666 1480.2746652719381 1971
1692385865674 1480.275948723749 1972
1692385865685 1480.2939650933029 1973
1692385865694 1480.3057751760964 1974
1692385865702 1480.2593672354647 1975
1692385865712 1480.2379027271272 1976
1692385865720 1480.3280058917367 1977
1692385865729 1480.1964517381753 1978
1692385865737 1480.1612490758712 1979
1692385865749 1480.2578010162188 1980
1692385865762 1480.155119765935 1981
1692385865773 1480.132581629655 1982
1692385865784 1480.1650103543732 1983
1692385865795 1480.1102899145678 1984
1692385865805 1480.0915061093342 1985
1692385865815 1480.083055140021 1986
1692385865825 1480.0731064718818 1987
1692385865834 1480.1298162216947 1988
1692385865845 1480.300025079016 1989
1692385865854 1480.2039853736349 1990
1692385865864 1480.11966323189 1991
1692385865873 1480.1110089397534 1992
1692385865883 1480.134378421207 1993
1692385865894 1480.113059543959 1994
1692385865903 1480.0913785281425 1995
1692385865912 1480.0463349005695 1996
1692385865922 1480.1431723364576 1997
1692385865932 1479.9832476340503 1998
1692385865941 1480.068653638142 1999
1692385865950 1479.9523620261555 2000
1692385865960 1479.9680424108685 2001
1692385865968 1479.9035822075198 2002
1692385865978 1479.8579355573945 2003
1692385865987 1479.8858874742114 2004
1692385865996 1479.8863761079092 2005
1692385866005 1479.8593139487277 2006
1692385866015 1479.906442186881 2007
1692385866024 1479.8161810685817 2008
1692385866033 1479.9085699986827 2009
1692385866043 1479.8526048923898 2010
1692385866051 1479.7351796945172 2011
1692385866061 1479.7683957576778 2012
1692385866070 1479.7535172972782 2013
1692385866079 1479.7518635620106 2014
1692385866088 1479.916890400563 2015
1692385866098 1479.9561262371049 2016
1692385866107 1479.7728532486183 2017
1692385866116 1479.8005394246647 2018
1692385866125 1479.7403126672418 2019
1692385866134 1479.7474279135622 2020
1692385866144 1479.7005553640115 2021
1692385866153 1479.7267661027172 2022
1692385866162 1479.6732513093684 2023
1692385866171 1479.624013676615 2024
1692385866181 1479.7156866167538 2025
1692385866190 1479.7012433324785 2026
1692385866199 1479.5997324964128 2027
1692385866208 1479.587697515434 2028
1692385866217 1479.5807303217614 2029
1692385866227 1479.6125695359833 2030
1692385866236 1479.6680321760598 2031
1692385866245 1479.5323811219146 2032
1692385866254 1479.5863290018708 2033
1692385866263 1479.738393857776 2034
1692385866272 1479.5033447677558 2035
1692385866282 1479.4917512846473 2036
1692385866291 1479.4628139286326 2037
1692385866300 1479.463775380608 2038
1692385866318 1479.4518673394707 2039
1692385866329 1479.5348736295853 2040
1692385866340 1479.4523164718069 2041
1692385866350 1479.4647155584146 2042
1692385866360 1479.4353977651579 2043
1692385866369 1479.434003108761 2044
1692385866380 1479.413291780823 2045
1692385866390 1479.3926649929874 2046
1692385866400 1479.3605570736484 2047
1692385866409 1479.3847395308348 2048
1692385866419 1479.3396875779808 2049
1692385866429 1479.3305878658023 2050
1692385866438 1479.3200410679895 2051
1692385866448 1479.3347371803404 2052
1692385866457 1479.3503394589611 2053
1692385866467 1479.3314993362774 2054
1692385866477 1479.3275182258478 2055
1692385866488 1479.302654515517 2056
1692385866497 1479.3048580251022 2057
1692385866506 1479.3025669524818 2058
1692385866515 1479.4145361809103 2059
1692385866523 1479.3023902886655 2060
1692385866532 1479.3115243443347 2061
1692385866541 1479.3171392167772 2062
1692385866550 1479.2607525199865 2063
1692385866559 1479.2757750754613 2064
1692385866568 1479.2180515358145 2065
1692385866577 1479.2762346286875 2066
1692385866586 1479.3324790689283 2067
1692385866594 1479.1712603584333 2068
1692385866603 1479.222982574167 2069
1692385866612 1479.15187558518 2070
1692385866621 1479.1785365549606 2071
1692385866629 1479.1312278459068 2072
1692385866638 1479.1194614740837 2073
1692385866647 1479.1789303588196 2074
1692385866656 1479.2023125240291 2075
1692385866665 1479.0851237484453 2076
1692385866674 1479.127600926702 2077
1692385866683 1479.0647598487344 2078
1692385866691 1479.0474555303822 2079
1692385866700 1479.0388358044186 2080
1692385866709 1479.0834296530118 2081
1692385866718 1479.0268823549277 2082
1692385866727 1479.0067163063009 2083
1692385866735 1479.0615621403495 2084
1692385866745 1479.1286569446042 2085
1692385866753 1479.1256157158637 2086
1692385866763 1478.9977803959844 2087
1692385866771 1478.9764577637459 2088
1692385866781 1479.0004085083294 2089
1692385866789 1478.9588942781234 2090
1692385866799 1479.0091560094472 2091
1692385866808 1478.9446629951162 2092
1692385866818 1478.909375816031 2093
1692385866827 1478.9261127849495 2094
1692385866836 1479.0136327874175 2095
1692385866849 1478.9001875781878 2096
1692385866860 1478.8798544188332 2097
1692385866870 1478.919577473071 2098
1692385866882 1478.8868589027786 2099
1692385866892 1478.8679615333278 2100
1692385866901 1478.9058215033313 2101
1692385866911 1478.8633223589288 2102
1692385866921 1478.825348567024 2103
1692385866931 1478.8012475659307 2104
1692385866940 1478.8329636230055 2105
1692385866950 1478.7939970654484 2106
1692385866959 1478.7621883212844 2107
1692385866969 1478.899235423873 2108
1692385866979 1478.744071473758 2109
1692385866988 1478.7751641583027 2110
1692385866998 1478.8064847547948 2111
1692385867007 1478.8006000826806 2112
1692385867018 1478.8227062300516 2113
1692385867028 1478.7108702391645 2114
1692385867037 1478.6770352847027 2115
1692385867046 1478.6672889277545 2116
1692385867055 1478.7682445494136 2117
1692385867065 1478.6646073811612 2118
1692385867074 1478.7277203842048 2119
1692385867082 1478.7907905975296 2120
1692385867092 1478.7846050829537 2121
1692385867101 1478.7055930938147 2122
1692385867110 1478.600327022363 2123
1692385867119 1478.582901342085 2124
1692385867128 1478.605360971803 2125
1692385867137 1478.5735332115512 2126
1692385867147 1478.5867916778932 2127
1692385867155 1478.522341279861 2128
1692385867165 1478.6536616541316 2129
1692385867174 1478.549398129445 2130
1692385867183 1478.5506045489997 2131
1692385867191 1478.5606567145771 2132
1692385867201 1478.4976471956356 2133
1692385867211 1478.5113926638203 2134
1692385867219 1478.508426984421 2135
1692385867229 1478.536536082771 2136
1692385867238 1478.6263841944217 2137
1692385867247 1478.488457898149 2138
1692385867255 1478.4848616591964 2139
1692385867265 1478.4733141711167 2140
1692385867275 1478.4010035154167 2141
1692385867284 1478.4657166450027 2142
1692385867293 1478.3710884533687 2143
1692385867302 1478.4091703141444 2144
1692385867312 1478.3865276869042 2145
1692385867320 1478.3710844720886 2146
1692385867330 1478.3953365309148 2147
1692385867339 1478.414207958995 2148
1692385867348 1478.3762275512545 2149
1692385867356 1478.367827496704 2150
1692385867365 1478.4673595660315 2151
1692385867374 1478.3588655261756 2152
1692385867383 1478.3055247814523 2153
1692385867392 1478.5387284449728 2154
1692385867401 1478.476762258445 2155
1692385867410 1478.3161018405292 2156
1692385867419 1478.3381429666606 2157
1692385867428 1478.438251950129 2158
1692385867437 1478.247786292296 2159
1692385867446 1478.287866888593 2160
1692385867455 1478.241152777474 2161
1692385867463 1478.2595861098011 2162
1692385867472 1478.2492726196142 2163
1692385867482 1478.230758602444 2164
1692385867490 1478.2814545561496 2165
1692385867499 1478.181785525367 2166
1692385867508 1478.1629515843024 2167
1692385867517 1478.143467815636 2168
1692385867526 1478.203330261933 2169
1692385867534 1478.1974459335756 2170
1692385867544 1478.1589061028428 2171
1692385867552 1478.159154761318 2172
1692385867561 1478.153472658647 2173
1692385867570 1478.1348493208786 2174
1692385867579 1478.1294382829528 2175
1692385867587 1478.1118304398124 2176
1692385867596 1478.0962853787162 2177
1692385867605 1478.1000698906378 2178
1692385867614 1478.0855049576685 2179
1692385867623 1478.0345783359787 2180
1692385867631 1478.034872676751 2181
1692385867640 1478.0249632172047 2182
1692385867650 1477.9928018351313 2183
1692385867659 1478.0639995070705 2184
1692385867668 1478.0813022062346 2185
1692385867677 1477.9651885449214 2186
1692385867685 1477.9385395474735 2187
1692385867694 1477.980390182891 2188
1692385867703 1477.9440753204235 2189
1692385867712 1478.0929992159274 2190
1692385867721 1477.9054049576814 2191
1692385867730 1477.969455166142 2192
1692385867738 1477.9073749886124 2193
1692385867747 1477.8867584928269 2194
1692385867756 1477.8875207508174 2195
1692385867765 1477.9677078450698 2196
1692385867773 1477.885836024812 2197
1692385867782 1477.864097517434 2198
1692385867792 1477.850164395804 2199
1692385867801 1477.8455015665654 2200
1692385867810 1477.891314304325 2201
1692385867818 1477.8515808015957 2202
1692385867828 1477.8865221107794 2203
1692385867837 1477.8002778102948 2204
1692385867845 1477.9958384409 2205
1692385867854 1477.7954309622799 2206
1692385867863 1477.7996215055944 2207
1692385867872 1477.7501750423328 2208
1692385867881 1477.7390137110747 2209
1692385867890 1477.755051114104 2210
1692385867899 1477.8657571025499 2211
1692385867907 1477.7392149791824 2212
1692385867916 1477.7130705220252 2213
1692385867925 1477.7039614677922 2214
1692385867934 1477.689431979719 2215
1692385867944 1477.701042343377 2216
1692385867952 1477.6690765150806 2217
1692385867961 1477.698959035462 2218
1692385867970 1477.6388716077986 2219
1692385867978 1477.6642192376685 2220
1692385867987 1477.6800488578488 2221
1692385867996 1477.6550960212646 2222
1692385868005 1477.641597038375 2223
1692385868013 1477.6150331452716 2224
1692385868022 1477.7123195289464 2225
1692385868032 1477.666730794754 2226
1692385868040 1477.5865170687762 2227
1692385868050 1477.5814801579968 2228
1692385868058 1477.5813550612213 2229
1692385868067 1477.5745830750059 2230
1692385868076 1477.5620620282239 2231
1692385868085 1477.5619416678771 2232
1692385868094 1477.5411797685274 2233
1692385868103 1477.5679811223135 2234
1692385868111 1477.526268695275 2235
1692385868120 1477.4930654111959 2236
1692385868130 1477.4818235715045 2237
1692385868139 1477.4788735361417 2238
1692385868148 1477.4648097587547 2239
1692385868157 1477.44825446046 2240
1692385868166 1477.4328535584764 2241
1692385868177 1477.53654692338 2242
1692385868186 1477.4573628356725 2243
1692385868195 1477.4457308209091 2244
1692385868206 1477.4335694466185 2245
1692385868219 1477.4055994184614 2246
1692385868230 1477.3696607903519 2247
1692385868240 1477.4205897384843 2248
1692385868251 1477.3562827315714 2249
1692385868262 1477.3500216093275 2250
1692385868272 1477.3564858196642 2251
1692385868282 1477.4907789379736 2252
1692385868292 1477.3212566608997 2253
1692385868302 1477.3035929241307 2254
1692385868312 1477.2865859433273 2255
1692385868321 1477.333967196445 2256
1692385868332 1477.2846783336024 2257
1692385868342 1477.2829971426868 2258
1692385868352 1477.2905327293595 2259
1692385868362 1477.2461810376872 2260
1692385868372 1477.303835712457 2261
1692385868390 1477.2301572363513 2262
1692385868401 1477.3216893388214 2263
1692385868410 1477.2350398480394 2264
1692385868419 1477.2086918065736 2265
1692385868428 1477.274310707001 2266
1692385868437 1477.203005031505 2267
1692385868447 1477.1814782216109 2268
1692385868456 1477.1723920654124 2269
1692385868465 1477.1600370665465 2270
1692385868474 1477.1500273424258 2271
1692385868483 1477.1624209820516 2272
1692385868492 1477.1417791785293 2273
1692385868501 1477.146690826351 2274
1692385868511 1477.155696036557 2275
1692385868519 1477.1015913961353 2276
1692385868529 1477.1007769842647 2277
1692385868538 1477.2091964344027 2278
1692385868547 1477.0801931163573 2279
1692385868556 1477.070162400346 2280
1692385868565 1477.0409178634777 2281
1692385868574 1477.255207763337 2282
1692385868584 1477.0455325733915 2283
1692385868593 1477.0910241786419 2284
1692385868602 1476.9892860799616 2285
1692385868611 1477.0712107590869 2286
1692385868619 1477.0262934334614 2287
1692385868628 1476.9619752548942 2288
1692385868637 1476.9802756784215 2289
1692385868647 1476.943573088046 2290
1692385868656 1477.0129187653088 2291
1692385868666 1476.985824152395 2292
1692385868675 1476.8986878404671 2293
1692385868684 1476.9316016533155 2294
1692385868694 1476.8963637530262 2295
1692385868703 1476.9765546454857 2296
1692385868713 1476.8736902780788 2297
1692385868721 1476.8714475549696 2298
1692385868731 1476.8885254060601 2299
1692385868743 1476.8186043724513 2300
1692385868760 1476.8219992169068 2301
1692385868771 1476.8070426768884 2302
1692385868781 1476.7967546654786 2303
1692385868790 1476.9940194036785 2304
1692385868800 1476.8051260585437 2305
1692385868810 1476.7880618046681 2306
1692385868820 1476.7935409985494 2307
1692385868830 1476.8241594987794 2308
1692385868840 1476.786407680227 2309
1692385868850 1476.7703136628338 2310
1692385868860 1476.7979412993975 2311
1692385868869 1476.8194603450477 2312
1692385868878 1476.760678890408 2313
1692385868887 1476.7267035868163 2314
1692385868896 1476.7184546388987 2315
1692385868905 1476.7193869371918 2316
1692385868915 1476.72542520792 2317
1692385868924 1476.7476359492173 2318
1692385868933 1476.6827466414825 2319
1692385868942 1476.6755633355713 2320
1692385868951 1476.6757850798247 2321
1692385868959 1476.6469384704817 2322
1692385868968 1476.6200497106156 2323
1692385868977 1476.6201687542439 2324
1692385868986 1476.5977761921267 2325
1692385868995 1476.6350732165984 2326
1692385869004 1476.5580507299499 2327
1692385869013 1476.5526895429462 2328
1692385869022 1476.5633627924333 2329
1692385869031 1476.5799909430755 2330
1692385869040 1476.5317021744393 2331
1692385869049 1476.5159673656387 2332
1692385869058 1476.502360883926 2333
1692385869067 1476.6427336245592 2334
1692385869076 1476.5260284757633 2335
1692385869085 1476.4847403723122 2336
1692385869094 1476.733966986789 2337
1692385869103 1476.4464957566695 2338
1692385869111 1476.5095668056533 2339
1692385869120 1476.4259001030766 2340
1692385869129 1476.52415369376 2341
1692385869138 1476.4278820541767 2342
1692385869147 1476.4083902153607 2343
1692385869156 1476.5042266995433 2344
1692385869165 1476.4228733168034 2345
1692385869175 1476.3670694007742 2346
1692385869184 1476.4208027070845 2347
1692385869193 1476.3107494897267 2348
1692385869202 1476.3572692443347 2349
1692385869211 1476.4350625834097 2350
1692385869220 1476.3601658078783 2351
1692385869229 1476.3184532760538 2352
1692385869238 1476.2885952431436 2353
1692385869248 1476.3350479742155 2354
1692385869257 1476.5118341714474 2355
1692385869266 1476.3195938750232 2356
1692385869276 1476.3065560220907 2357
1692385869286 1476.3215819952031 2358
1692385869299 1476.2884542198967 2359
1692385869311 1476.3148305662764 2360
1692385869321 1476.2403275270942 2361
1692385869331 1476.2212791105762 2362
1692385869340 1476.2402596234135 2363
1692385869351 1476.190135894016 2364
1692385869361 1476.3642529030465 2365
1692385869371 1476.164276243527 2366
1692385869381 1476.4234398834303 2367
1692385869390 1476.200984810465 2368
1692385869400 1476.1536682258784 2369
1692385869410 1476.154747208799 2370
1692385869419 1476.126249283277 2371
1692385869430 1476.1058028837335 2372
1692385869438 1476.081651245492 2373
1692385869449 1476.227009625918 2374
1692385869462 1476.0880580498292 2375
1692385869472 1476.0376586378889 2376
1692385869483 1476.0344094418242 2377
1692385869493 1476.036156566877 2378
1692385869502 1476.0100325582387 2379
1692385869512 1476.126408547051 2380
1692385869521 1475.9681908605717 2381
1692385869529 1476.015033586814 2382
1692385869538 1476.025820354702 2383
1692385869547 1476.009073595702 2384
1692385869556 1476.0343810423735 2385
1692385869566 1476.0276546098735 2386
1692385869575 1476.0380647602126 2387
1692385869584 1476.0658705549154 2388
1692385869594 1475.997984363297 2389
1692385869603 1476.0171654615363 2390
1692385869611 1476.0320056773423 2391
1692385869621 1476.0358548987629 2392
