1692385663237 14966.660687427324 0
1692385663246 14948.134698648151 1
1692385663256 14929.525065243743 2
1692385663265 14910.151991876286 3
1692385663275 14890.099213286829 4
1692385663284 14869.735299591828 5
1692385663293 14849.359296993065 6
1692385663303 14828.723908676098 7
1692385663311 14807.604063822086 8
1692385663321 14785.453330255694 9
1692385663330 14763.301616872244 10
1692385663339 14740.018595193713 11
1692385663350 14716.25502218443 12
1692385663360 14691.962424328107 13
1692385663369 14665.951501362104 14
1692385663379 14639.649360641859 15
1692385663387 14611.42187453885 16
1692385663396 14582.736453981068 17
1692385663405 14550.584829173667 18
1692385663414 14517.588538038013 19
1692385663423 14482.668503424806 20
1692385663433 14446.028353185444 21
1692385663441 14407.24443349272 22
1692385663450 14366.15262446021 23
1692385663459 14323.2083435125 24
1692385663468 14277.194883242857 25
1692385663477 14228.94213530411 26
1692385663486 14179.124202939356 27
1692385663495 14125.301091952095 28
1692385663505 14068.845356700076 29
1692385663514 14010.354503149769 30
1692385663523 13948.880354060411 31
1692385663532 13884.397588717371 32
1692385663541 13816.06010679366 33
1692385663551 13745.596218882998 34
1692385663561 13671.327760145583 35
1692385663569 13592.897819679942 36
1692385663578 13512.16264402096 37
1692385663589 13426.678357122079 38
1692385663598 13337.983107225084 39
1692385663609 13247.413136546053 40
1692385663619 13153.2048275363 41
1692385663627 13054.32039651751 42
1692385663637 12951.24350649895 43
1692385663646 12844.140035342594 44
1692385663656 12734.51691059419 45
1692385663665 12620.015849295169 46
1692385663674 12502.2819158139 47
1692385663683 12381.27162353126 48
1692385663692 12255.6231016175 49
1692385663701 12123.958728980686 50
1692385663709 11989.763492154836 51
1692385663718 11856.103581725902 52
1692385663726 11711.833288624804 53
1692385663735 11567.472175273699 54
1692385663743 11418.543526226427 55
1692385663753 11266.745810844994 56
1692385663762 11110.728257448154 57
1692385663770 10949.97146721967 58
1692385663779 10786.18487619548 59
1692385663788 10620.600208028882 60
1692385663797 10447.591191307756 61
1692385663806 10273.819147253114 62
1692385663814 10099.5857867619 63
1692385663823 9923.30416056855 64
1692385663832 9744.158635759646 65
1692385663841 9553.412557688438 66
1692385663849 9371.307182104358 67
1692385663859 9181.18014721592 68
1692385663867 8993.000970452802 69
1692385663876 8799.147933108014 70
1692385663885 8608.692161483752 71
1692385663894 8411.288068279939 72
1692385663903 8220.571165020909 73
1692385663912 8023.438679506189 74
1692385663921 7824.025322668865 75
1692385663930 7626.09138430184 76
1692385663939 7435.906697765641 77
1692385663948 7236.853953534452 78
1692385663957 7039.817193108495 79
1692385663966 6840.2886329943885 80
1692385663975 6650.347002317808 81
1692385663984 6458.833962427684 82
1692385663993 6266.623007096582 83
1692385664003 6082.899399052992 84
1692385664011 5894.359327775444 85
1692385664021 5708.200988543238 86
1692385664030 5527.240540772433 87
1692385664039 5350.11222781217 88
1692385664048 5176.285664575876 89
1692385664058 5001.475275173416 90
1692385664066 4834.911444281897 91
1692385664076 4679.242763519708 92
1692385664085 4512.941434059328 93
1692385664095 4360.317332766638 94
1692385664104 4210.621459210549 95
1692385664113 4066.5192414890607 96
1692385664122 3927.8620464491682 97
1692385664132 3794.5151625910225 98
1692385664141 3660.39040460325 99
1692385664150 3545.061666678621 100
1692385664159 3424.4765940340444 101
1692385664168 3315.213641446151 102
1692385664177 3206.68665702066 103
1692385664186 3106.9657750459023 104
1692385664194 3017.267862803702 105
1692385664205 2928.0905567381365 106
1692385664214 2844.2784315390354 107
1692385664223 2768.9242805422805 108
1692385664233 2692.8575902675298 109
1692385664242 2628.2078463825856 110
1692385664252 2569.157386674559 111
1692385664261 2512.3009361871545 112
1692385664270 2458.3256788292992 113
1692385664279 2412.4308419601707 114
1692385664289 2368.8452494777484 115
1692385664298 2327.575255945217 116
1692385664307 2294.201865032452 117
1692385664317 2260.263851070413 118
1692385664326 2230.5420029329302 119
1692385664335 2204.919489951911 120
1692385664344 2180.5865974530175 121
1692385664354 2159.917095131148 122
1692385664364 2140.132726675827 123
1692385664373 2122.367169301983 124
1692385664381 2107.8507190734913 125
1692385664391 2093.486588754724 126
1692385664400 2080.840952892498 127
1692385664409 2069.9191763827307 128
1692385664418 2058.673683527372 129
1692385664426 2049.5661664928625 130
1692385664436 2042.7962731935415 131
1692385664445 2033.1924238351814 132
1692385664454 2026.9095445158018 133
1692385664462 2018.74499348123 134
1692385664472 2013.5918489191508 135
1692385664481 2008.2297170771478 136
1692385664490 2002.4962762715656 137
1692385664499 1997.2451923247324 138
1692385664508 1992.1200280679418 139
1692385664518 1986.8184269865278 140
1692385664527 1982.219285325627 141
1692385664535 1977.9113789559444 142
1692385664544 1973.3038000718166 143
1692385664553 1968.9809431827766 144
1692385664562 1963.8826347301 145
1692385664571 1959.7797935357264 146
1692385664580 1955.3242937604748 147
1692385664590 1951.1027463304704 148
1692385664599 1947.012219817031 149
1692385664608 1942.6247990700958 150
1692385664616 1938.3477318190057 151
1692385664626 1933.9628938150604 152
1692385664635 1930.350681875123 153
1692385664643 1926.0004697313625 154
1692385664653 1921.6712272265083 155
1692385664662 1917.868810326463 156
1692385664671 1914.0349390435376 157
1692385664680 1909.7386228974322 158
1692385664689 1905.8433273056805 159
1692385664698 1901.9946224523223 160
1692385664707 1898.1769681947976 161
1692385664715 1894.2458791986792 162
1692385664723 1890.3141026367011 163
1692385664732 1886.7203704824599 164
1692385664741 1882.8522933653546 165
1692385664751 1879.0909489950902 166
1692385664760 1875.4126168172722 167
1692385664769 1871.8215058602743 168
1692385664777 1867.952233534765 169
1692385664788 1864.2762298910727 170
1692385664796 1860.5229421873 171
1692385664805 1857.319994593195 172
1692385664814 1853.686124399332 173
1692385664823 1850.090661060229 174
1692385664831 1846.4123714231137 175
1692385664840 1843.0309686210278 176
1692385664849 1839.6553125716514 177
1692385664858 1836.0958917163068 178
1692385664867 1832.7834221607304 179
1692385664876 1829.5795467487217 180
1692385664886 1826.0880440289018 181
1692385664894 1822.8180407050365 182
1692385664903 1819.4750171870703 183
1692385664912 1816.2132853991075 184
1692385664922 1812.9419229177033 185
1692385664931 1809.7316130022398 186
1692385664940 1806.523887361306 187
1692385664949 1803.4383190852525 188
1692385664959 1800.4019187642018 189
1692385664968 1797.0562674466673 190
1692385664976 1793.9815422559345 191
1692385664985 1790.817456005637 192
1692385664994 1787.9052255556705 193
1692385665003 1784.9267490383827 194
1692385665012 1781.83994584659 195
1692385665021 1778.7736656340799 196
1692385665030 1775.84877455094 197
1692385665040 1772.8899782847866 198
1692385665050 1769.9172035411852 199
1692385665058 1767.176337419389 200
1692385665067 1764.058936609219 201
1692385665076 1761.2699977550822 202
1692385665086 1758.6526707305886 203
1692385665094 1755.7213726450336 204
1692385665103 1753.0183255413845 205
1692385665113 1750.0685216596314 206
1692385665122 1747.3685359210237 207
1692385665131 1744.6756405738595 208
1692385665140 1742.0004596014442 209
1692385665149 1739.4211903699174 210
1692385665158 1736.5564377601825 211
1692385665167 1733.8193041892266 212
1692385665176 1731.1355045910832 213
1692385665185 1728.4664627224245 214
1692385665194 1725.87399978085 215
1692385665203 1723.3059532275047 216
1692385665212 1720.550503303655 217
1692385665221 1718.0042806402093 218
1692385665230 1715.3803324759579 219
1692385665239 1712.8089350227283 220
1692385665248 1710.2824688956496 221
1692385665257 1707.6531159084752 222
1692385665266 1705.1589743170766 223
1692385665275 1702.655119007946 224
1692385665284 1700.2107974935282 225
1692385665293 1697.6466851544146 226
1692385665303 1695.3411412674545 227
1692385665312 1692.7928415403685 228
1692385665321 1690.4297460469897 229
1692385665330 1688.0347690068697 230
1692385665339 1685.6730881810531 231
1692385665348 1683.3963188412263 232
1692385665358 1681.104680969239 233
1692385665367 1678.7539886980271 234
1692385665377 1676.4834326389544 235
1692385665387 1674.0153016767583 236
1692385665395 1671.893490302342 237
1692385665405 1669.8064162204892 238
1692385665414 1667.2737561167805 239
1692385665423 1665.0547880604374 240
1692385665431 1662.993165725788 241
1692385665440 1660.686703243859 242
1692385665450 1658.326001157476 243
1692385665459 1656.1704849868077 244
1692385665468 1654.088948553316 245
1692385665477 1652.0852885240593 246
1692385665486 1649.9403523158421 247
1692385665495 1647.9228952921371 248
1692385665505 1645.522348041215 249
1692385665514 1643.6780564146566 250
1692385665523 1641.6100778138966 251
1692385665532 1639.54402211938 252
1692385665542 1637.5377921270217 253
1692385665552 1635.6308052004329 254
1692385665561 1633.6683289418422 255
1692385665570 1631.5186624655298 256
1692385665579 1629.7694527083165 257
1692385665588 1627.66837093046 258
1692385665597 1625.9483814008188 259
1692385665607 1623.993574580912 260
1692385665617 1622.0705251812726 261
1692385665626 1620.1365135459878 262
1692385665636 1618.3778426298634 263
1692385665644 1616.5246902889173 264
1692385665654 1614.674712781409 265
1692385665663 1612.8555534286818 266
1692385665672 1611.0564437522187 267
1692385665681 1609.3048038443999 268
1692385665691 1607.4755668805562 269
1692385665700 1605.7521383144726 270
1692385665709 1603.9623935156828 271
1692385665719 1602.185676789782 272
1692385665727 1600.3991360573525 273
1692385665737 1598.8004607213056 274
1692385665745 1597.0077716796607 275
1692385665754 1595.2877553754392 276
1692385665763 1593.6208431487705 277
1692385665772 1591.9112996086699 278
1692385665781 1590.3507176385644 279
1692385665790 1588.6452916260507 280
1692385665799 1586.9351177070039 281
1692385665808 1585.4314217590252 282
1692385665817 1583.7881748442294 283
1692385665826 1582.1889482310178 284
1692385665835 1580.6623821850708 285
1692385665843 1579.1085879350799 286
1692385665853 1577.6273867353148 287
1692385665862 1576.0992587300204 288
1692385665871 1574.5773895347681 289
1692385665880 1572.980478365447 290
1692385665890 1571.750019169765 291
1692385665901 1570.2613155721747 292
1692385665910 1568.6692969567519 293
1692385665919 1567.2983951059573 294
1692385665928 1565.8550684492907 295
1692385665939 1564.499382621082 296
1692385665948 1563.046023252168 297
1692385665957 1561.65003310729 298
1692385665966 1560.187500629808 299
1692385665975 1558.9119001317213 300
1692385665984 1557.4650307736597 301
1692385665993 1556.2475227107154 302
1692385666002 1554.8871567375497 303
1692385666011 1553.5916839528807 304
1692385666020 1552.3609743309917 305
1692385666028 1550.9534458017338 306
1692385666039 1549.5855713175129 307
1692385666047 1548.28916964331 308
1692385666056 1547.0707502528533 309
1692385666065 1545.8926973613884 310
1692385666075 1544.5687748120065 311
1692385666084 1543.376132541272 312
1692385666093 1542.268030737216 313
1692385666101 1540.9505404515473 314
1692385666110 1539.7253767497982 315
1692385666118 1538.635134552941 316
1692385666127 1537.2743904485628 317
1692385666137 1536.1489730250933 318
1692385666145 1535.0852671328153 319
1692385666154 1533.951514625353 320
1692385666162 1532.7678628148863 321
1692385666171 1531.5032483988127 322
1692385666179 1530.4561504630851 323
1692385666187 1529.37097594523 324
1692385666196 1528.1947432815757 325
1692385666204 1527.105252223874 326
1692385666213 1526.1620528643357 327
1692385666221 1524.9258243762406 328
1692385666229 1523.9017448974016 329
1692385666238 1522.8860025752042 330
1692385666247 1521.7761541112952 331
1692385666255 1520.6919997983089 332
1692385666264 1519.653824908619 333
1692385666273 1518.7895747187677 334
1692385666282 1517.6850192753866 335
1692385666291 1516.6938804567314 336
1692385666299 1515.6918523341117 337
1692385666307 1514.6940503198794 338
1692385666316 1513.7204159678001 339
1692385666324 1512.7943611901546 340
1692385666333 1511.8966108044688 341
1692385666342 1511.0399141905036 342
1692385666351 1510.0257242252899 343
1692385666360 1509.1093310404212 344
1692385666368 1508.135062563803 345
1692385666378 1507.3276495738148 346
1692385666387 1506.5210135040747 347
1692385666395 1505.5233457409608 348
1692385666404 1504.6288393840216 349
1692385666413 1503.8873343385044 350
1692385666421 1502.9063786181223 351
1692385666429 1502.0511778974649 352
1692385666438 1501.2065671825094 353
1692385666447 1500.42228437066 354
1692385666456 1499.7322261623822 355
1692385666464 1498.9603957933246 356
1692385666472 1498.0356474077241 357
1692385666481 1497.2868621402579 358
1692385666489 1496.4679532600524 359
1692385666498 1495.585883940965 360
1692385666506 1494.8290637147174 361
1692385666515 1494.0157268711619 362
1692385666524 1493.3156730549654 363
1692385666532 1492.5934283247261 364
1692385666541 1491.7584867670803 365
1692385666550 1490.9871812417223 366
1692385666558 1490.2028369317045 367
1692385666567 1489.5016904697059 368
1692385666575 1488.7767307557474 369
1692385666584 1488.1260229425843 370
1692385666592 1487.3578673643424 371
1692385666601 1486.6451978630241 372
1692385666610 1485.9979997262435 373
1692385666618 1485.2926260573208 374
1692385666627 1484.5191561813238 375
1692385666636 1483.9654603369847 376
1692385666645 1483.3505010227584 377
1692385666653 1482.5746607183592 378
1692385666662 1481.94506886976 379
1692385666670 1481.28528660992 380
1692385666679 1480.540451737686 381
1692385666688 1479.9656364823347 382
1692385666697 1479.387727013313 383
1692385666705 1478.6714673554459 384
1692385666714 1478.1473169024985 385
1692385666722 1477.515409189066 386
1692385666731 1476.9363052299693 387
1692385666740 1476.4109813656353 388
1692385666749 1475.7119808858338 389
1692385666757 1475.1174662857081 390
1692385666766 1474.5500706216872 391
1692385666775 1474.1702152392077 392
1692385666785 1473.3827310436943 393
1692385666794 1473.015858808032 394
1692385666802 1472.3856571252852 395
1692385666811 1471.8059319631564 396
1692385666820 1471.6270737573375 397
1692385666830 1470.7774647195909 398
1692385666838 1470.353721666952 399
1692385666847 1469.8623021035462 400
1692385666857 1469.2576638449348 401
1692385666866 1468.7586919417834 402
1692385666875 1468.3831087127603 403
1692385666884 1467.6716408947198 404
1692385666893 1467.2760579453886 405
1692385666901 1466.6462004879952 406
1692385666910 1466.1927520363188 407
1692385666919 1465.6085214399022 408
1692385666928 1465.2137888515758 409
1692385666937 1464.739001415576 410
1692385666946 1464.0462335981447 411
1692385666955 1463.5922416098788 412
1692385666964 1463.1237383158323 413
1692385666972 1462.697165977343 414
1692385666980 1462.221274575501 415
1692385666989 1461.8336544135252 416
1692385666998 1461.3927952997733 417
1692385667006 1460.7519560518447 418
1692385667015 1460.571926777385 419
1692385667023 1459.956049426723 420
1692385667032 1459.5481975850707 421
1692385667041 1459.0968017673024 422
1692385667050 1458.7554930055062 423
1692385667059 1458.2862083869652 424
1692385667068 1457.8408707195888 425
1692385667076 1457.4202651098872 426
1692385667085 1457.0907260531594 427
1692385667093 1456.6715395122415 428
1692385667102 1456.2557001326948 429
1692385667111 1455.870448631581 430
1692385667119 1455.503930060328 431
1692385667128 1455.1826713119237 432
1692385667137 1454.7526606074143 433
1692385667146 1454.4071531260345 434
1692385667156 1454.041642166943 435
1692385667164 1453.6520948191594 436
1692385667173 1453.2298988818693 437
1692385667182 1452.8561493950535 438
1692385667191 1452.5409718390722 439
1692385667200 1452.1280780343438 440
1692385667208 1451.889853475418 441
1692385667217 1451.4862233344488 442
1692385667225 1451.1324383040808 443
1692385667234 1450.8653103143897 444
1692385667242 1450.4948812346815 445
1692385667251 1450.0307258771081 446
1692385667259 1449.7302661696544 447
1692385667268 1449.4052573454853 448
1692385667276 1449.0561364899133 449
1692385667285 1448.8192821505959 450
1692385667294 1448.5042291510842 451
1692385667302 1448.1635543342625 452
1692385667311 1447.8428671787892 453
1692385667319 1447.7287731538315 454
1692385667328 1447.293102770219 455
1692385667337 1446.9028593538862 456
1692385667346 1446.7904432244668 457
1692385667355 1446.2894014791214 458
1692385667364 1446.003583836091 459
1692385667374 1445.7461275760593 460
1692385667382 1445.5103150100342 461
1692385667391 1445.2156314272684 462
1692385667399 1444.9780771267815 463
1692385667408 1444.7057429575277 464
1692385667417 1444.4631733763408 465
1692385667426 1444.2666354252017 466
1692385667434 1443.9306681550927 467
1692385667443 1443.640376092527 468
1692385667451 1443.3914048392262 469
1692385667460 1443.189153224197 470
1692385667468 1442.9311815137132 471
1692385667476 1442.595460988207 472
1692385667485 1442.3980337766754 473
1692385667494 1442.1205139137703 474
1692385667503 1441.883412875688 475
1692385667511 1441.6086213829149 476
1692385667521 1441.4946385098758 477
1692385667529 1441.1884243193133 478
1692385667538 1440.9510573256757 479
1692385667547 1440.7646365737291 480
1692385667556 1440.4930978216528 481
1692385667565 1440.5336733373276 482
1692385667574 1440.0196713256407 483
1692385667581 1439.8035581085262 484
1692385667591 1439.5992057587969 485
1692385667600 1439.4271635350428 486
1692385667608 1439.1757220888267 487
1692385667617 1438.9392955465757 488
1692385667627 1438.7304790563328 489
1692385667636 1438.5341541769167 490
1692385667644 1438.3131770626055 491
1692385667654 1438.171563124373 492
1692385667662 1437.8895389100776 493
1692385667671 1437.7183937478233 494
1692385667680 1437.4736793392087 495
1692385667689 1437.3084266899793 496
1692385667698 1437.1633058482978 497
1692385667706 1436.9489428838199 498
1692385667715 1436.7310453415018 499
1692385667724 1436.4981108887164 500
1692385667732 1436.3431428276015 501
1692385667741 1436.163704906641 502
1692385667750 1435.918471814722 503
1692385667758 1435.9416181396432 504
1692385667767 1435.6885943981606 505
1692385667776 1435.450210840025 506
1692385667785 1435.4353968849025 507
1692385667793 1435.0795463781224 508
1692385667802 1434.8353044817088 509
1692385667811 1434.7462497534204 510
1692385667820 1434.5156279854857 511
1692385667829 1434.606461188188 512
1692385667838 1434.1644508194718 513
1692385667846 1434.0416880393452 514
1692385667855 1433.7949992122474 515
1692385667863 1433.6981001077465 516
1692385667872 1433.717267992167 517
1692385667881 1433.3498519191405 518
1692385667890 1433.2755609750889 519
1692385667899 1433.0358595307518 520
1692385667908 1432.8532941554645 521
1692385667917 1432.714045084667 522
1692385667926 1432.483214824935 523
1692385667935 1432.3607249697793 524
1692385667944 1432.1850211785404 525
1692385667953 1432.1599330681195 526
1692385667962 1431.8591111001158 527
1692385667971 1431.7797747524703 528
1692385667980 1431.5921588774556 529
1692385667989 1431.4020952960486 530
1692385667997 1431.2927464749948 531
1692385668006 1431.2584646621049 532
1692385668016 1431.0191263714414 533
1692385668025 1430.957947773291 534
1692385668034 1430.7138753252466 535
1692385668043 1430.6096813278548 536
1692385668052 1430.478874103658 537
1692385668060 1430.4643300351179 538
1692385668069 1430.1923241390336 539
1692385668078 1430.1859226232975 540
1692385668087 1430.313075680449 541
1692385668095 1429.8881628381575 542
1692385668104 1429.754302364648 543
1692385668113 1429.5473666347516 544
1692385668122 1429.5537928919025 545
1692385668131 1429.3752338577226 546
1692385668140 1429.2127311601369 547
1692385668148 1429.089900060363 548
1692385668157 1428.9844812932135 549
1692385668165 1428.863786129365 550
1692385668174 1428.9230821938388 551
1692385668184 1428.649046780674 552
1692385668195 1428.4535984954662 553
1692385668205 1428.4002090896338 554
1692385668213 1428.2268213766934 555
1692385668224 1428.1654717390295 556
1692385668233 1428.1338202451002 557
1692385668243 1427.9018591988686 558
1692385668252 1427.8077398111388 559
1692385668261 1427.9188705429965 560
1692385668270 1427.5595183839043 561
1692385668279 1427.4715542704207 562
1692385668288 1427.3692330675083 563
1692385668297 1427.274322174478 564
1692385668306 1427.1257182843076 565
1692385668315 1427.075881408273 566
1692385668324 1427.1139601864795 567
1692385668333 1426.8987398375102 568
1692385668341 1426.730518165409 569
1692385668350 1426.6469892258744 570
1692385668358 1426.557961167089 571
1692385668367 1426.452740725634 572
1692385668376 1426.3410726401928 573
1692385668385 1426.3028715372284 574
1692385668394 1426.179240742701 575
1692385668402 1426.1092489870503 576
1692385668411 1426.3271247408468 577
1692385668420 1426.0018283184947 578
1692385668429 1425.9141845764657 579
1692385668437 1425.8077879479852 580
1692385668446 1425.6592107445713 581
1692385668454 1425.6115788984341 582
1692385668463 1425.5850811357016 583
1692385668471 1425.3480749032076 584
1692385668480 1425.2061666206132 585
1692385668489 1425.1321883601058 586
1692385668498 1425.1068964756741 587
1692385668508 1425.6100549775576 588
1692385668517 1424.9602867920357 589
1692385668525 1424.8835152563006 590
1692385668534 1424.8478832995402 591
1692385668543 1424.724801228486 592
1692385668552 1424.6223410177522 593
1692385668561 1424.455188416627 594
1692385668570 1424.379892236532 595
1692385668578 1424.3148063624824 596
1692385668587 1424.2948442998234 597
1692385668596 1424.1584648380406 598
1692385668604 1424.08571746211 599
1692385668612 1424.0293541387582 600
1692385668621 1423.9493499781297 601
1692385668628 1423.909171648878 602
1692385668638 1423.7250842860678 603
1692385668647 1423.7820029615002 604
1692385668657 1423.6268315829682 605
1692385668666 1423.516824644526 606
1692385668675 1423.4554566434495 607
1692385668683 1423.454522869258 608
1692385668692 1423.1985945375686 609
1692385668701 1423.0840244984697 610
1692385668710 1423.0402708243378 611
1692385668719 1423.75239947684 612
1692385668728 1423.0252367643309 613
1692385668737 1422.9366729731491 614
1692385668746 1422.9148690920629 615
1692385668757 1423.3903365432839 616
1692385668766 1422.753387516041 617
1692385668776 1422.6878015336167 618
1692385668785 1422.614712501853 619
1692385668794 1422.566952999725 620
1692385668803 1422.4946232129973 621
1692385668812 1422.3432946831692 622
1692385668821 1422.307999999217 623
1692385668830 1422.2543219771458 624
1692385668839 1422.1931800046498 625
1692385668847 1422.1219642217786 626
1692385668856 1422.079146493425 627
1692385668865 1421.9539925342715 628
1692385668875 1421.967222102434 629
1692385668884 1421.874371512422 630
1692385668893 1421.8118906597622 631
1692385668902 1421.8695622992527 632
1692385668911 1421.6596467909574 633
1692385668919 1421.5315672210545 634
1692385668928 1421.5848410434105 635
1692385668937 1421.3863014655092 636
1692385668946 1421.393935327026 637
1692385668955 1421.3453175758636 638
1692385668964 1421.3409929273512 639
1692385668973 1421.2622527986077 640
1692385668981 1421.274029719037 641
1692385668990 1421.208754891534 642
1692385668999 1421.1348478588202 643
1692385669007 1421.0969830505605 644
1692385669016 1421.3922136622377 645
1692385669025 1421.0268419616734 646
1692385669033 1420.9961732951203 647
1692385669043 1421.0733081347787 648
1692385669052 1420.7868128690757 649
1692385669061 1420.8032093005363 650
1692385669071 1420.614840594252 651
1692385669079 1420.495304748377 652
1692385669088 1420.5397560208785 653
1692385669096 1420.3641164624737 654
1692385669106 1420.459875907196 655
1692385669114 1420.3328189863082 656
1692385669124 1420.4023584153554 657
1692385669133 1420.2506905573052 658
1692385669142 1420.2929011971962 659
1692385669151 1420.516527480839 660
1692385669160 1420.2745760006144 661
1692385669169 1420.0013527977796 662
1692385669178 1419.94917928349 663
1692385669187 1420.1460452124486 664
1692385669196 1419.8385315373955 665
1692385669205 1419.792445941174 666
1692385669213 1419.7692709422126 667
1692385669222 1419.6815623084915 668
1692385669231 1419.6609319030142 669
1692385669240 1419.6489941379168 670
1692385669248 1419.8484940402118 671
1692385669257 1419.5383796015406 672
1692385669266 1419.4454762980756 673
1692385669275 1419.4692893462707 674
1692385669283 1419.3494240404916 675
1692385669292 1419.3087791577227 676
1692385669301 1419.2900251974374 677
1692385669309 1419.248825064606 678
1692385669318 1419.1951703411319 679
1692385669326 1419.1444523641223 680
1692385669335 1419.1189647939898 681
1692385669343 1419.1088850315878 682
1692385669352 1419.05636371631 683
1692385669361 1419.0819231076277 684
1692385669369 1418.9476182572416 685
1692385669377 1418.8839292435553 686
1692385669386 1418.8538533389844 687
1692385669395 1418.9011154522232 688
1692385669405 1418.7396820713645 689
1692385669414 1418.7605048374726 690
1692385669423 1418.6321443445936 691
1692385669431 1418.5882305365992 692
1692385669440 1418.5087968124103 693
1692385669449 1418.7258099747849 694
1692385669458 1418.4452249255287 695
1692385669467 1418.4767718622647 696
1692385669476 1418.5434325422932 697
1692385669485 1418.4923087204127 698
1692385669494 1418.6242188362787 699
1692385669502 1418.4154734648866 700
1692385669511 1418.3665197426812 701
1692385669519 1418.2193290783684 702
1692385669528 1418.0986395383381 703
1692385669537 1418.2903993874795 704
1692385669545 1418.2325801698732 705
1692385669554 1418.0032097106853 706
1692385669562 1417.9753743143087 707
1692385669572 1417.9697580841762 708
1692385669582 1417.9959252669566 709
1692385669591 1417.9536931905473 710
1692385669600 1417.8442367401165 711
1692385669609 1418.1778638187664 712
1692385669619 1417.7501085123597 713
1692385669629 1417.8697724387753 714
1692385669639 1417.6390074805302 715
1692385669648 1417.980398352453 716
1692385669658 1417.740318182617 717
1692385669667 1417.717057113901 718
1692385669676 1417.706648857075 719
1692385669685 1417.8377020853327 720
1692385669694 1417.6583760478445 721
1692385669703 1417.9111144212693 722
1692385669712 1417.3944865072592 723
1692385669721 1417.3924882065594 724
1692385669730 1417.366564505186 725
1692385669739 1417.3115104902297 726
1692385669748 1417.3139500132875 727
1692385669757 1417.183554166542 728
1692385669765 1417.2345225650542 729
1692385669774 1417.1095096228337 730
1692385669783 1417.0630987715222 731
1692385669791 1416.979581883097 732
1692385669800 1417.0242732943025 733
1692385669808 1417.1642369602916 734
1692385669817 1417.1424979859332 735
1692385669826 1417.1642296136922 736
1692385669835 1417.2493386613028 737
1692385669843 1417.0885661183659 738
1692385669852 1417.0408218909472 739
1692385669861 1416.958491916773 740
1692385669870 1416.9105775641453 741
1692385669878 1416.7856815157031 742
1692385669887 1416.6975991432728 743
1692385669896 1416.7125180278017 744
1692385669905 1416.6364574568142 745
1692385669913 1416.6349061400485 746
1692385669922 1416.538095557895 747
1692385669931 1416.543295611232 748
1692385669939 1416.4539540232433 749
1692385669948 1416.3763454003517 750
1692385669957 1416.5911276077475 751
1692385669966 1416.3065383847813 752
1692385669975 1416.294881802034 753
1692385669984 1416.243091886934 754
1692385669994 1416.2907590675927 755
1692385670003 1416.1739717184305 756
1692385670012 1416.2021904082862 757
1692385670022 1416.106406405841 758
1692385670030 1416.2775682031095 759
1692385670039 1416.0593395807452 760
1692385670049 1416.057419237098 761
1692385670058 1416.014457974993 762
1692385670067 1416.4246537927288 763
1692385670076 1415.9223166149193 764
1692385670085 1415.9663707552108 765
1692385670093 1415.9557966343405 766
1692385670102 1415.9604588180605 767
1692385670110 1415.8947785663322 768
1692385670119 1415.8285874779058 769
1692385670127 1415.7798235826515 770
1692385670136 1415.729684414544 771
1692385670144 1415.6522380603974 772
1692385670153 1415.6705210483901 773
1692385670161 1415.6382997123117 774
1692385670170 1415.6114391911576 775
1692385670179 1415.5598203927757 776
1692385670187 1415.581132807032 777
1692385670196 1415.537280970462 778
1692385670204 1415.62406329737 779
1692385670213 1415.6195212737653 780
1692385670221 1415.4399496164674 781
1692385670230 1415.4425742211856 782
1692385670239 1415.3726121128898 783
1692385670247 1415.6402314457464 784
1692385670256 1415.2803974859705 785
1692385670265 1415.3608650127517 786
1692385670273 1415.400531133218 787
1692385670282 1415.5087658443506 788
1692385670291 1415.2668051139417 789
1692385670299 1415.1716421101019 790
1692385670308 1415.1364281258134 791
1692385670316 1415.0755084802624 792
1692385670325 1415.2474116676185 793
1692385670334 1415.011753386968 794
1692385670343 1415.0150438664964 795
1692385670351 1414.9451912647876 796
1692385670360 1415.0778869647522 797
1692385670368 1414.8965820483402 798
1692385670377 1414.9191455948169 799
1692385670387 1414.8167995624967 800
1692385670395 1414.8350608480068 801
1692385670403 1414.7798272343962 802
1692385670412 1414.8059060553214 803
1692385670421 1414.8300805359524 804
1692385670431 1414.915612679073 805
1692385670440 1414.969815564554 806
1692385670449 1414.962577797908 807
1692385670458 1414.819926513472 808
1692385670467 1414.896695252197 809
1692385670475 1414.6947102401907 810
1692385670484 1414.7083925041684 811
1692385670494 1414.5952815350638 812
1692385670503 1414.6876973780895 813
1692385670512 1414.470921022582 814
1692385670521 1414.5304369667247 815
1692385670530 1414.3996746420196 816
1692385670539 1414.3947766786946 817
1692385670548 1414.4536846480416 818
1692385670557 1414.2648628134257 819
1692385670567 1414.2346367158457 820
1692385670575 1414.4733168073858 821
1692385670585 1414.2062107642503 822
1692385670593 1414.3043352035304 823
1692385670602 1414.164706113839 824
1692385670611 1414.1206045320453 825
1692385670620 1414.1365161010592 826
1692385670630 1414.0998704539184 827
1692385670639 1414.2696975017502 828
1692385670648 1414.0164656712914 829
1692385670657 1413.961342740389 830
1692385670666 1413.903645028938 831
1692385670675 1413.8351181945907 832
1692385670684 1413.8086332365772 833
1692385670693 1413.7230043623376 834
1692385670702 1413.7057150006847 835
1692385670710 1413.6885428765336 836
1692385670720 1413.7104049102763 837
1692385670729 1413.732024988718 838
1692385670738 1413.6998562088081 839
1692385670747 1413.6207474326118 840
1692385670756 1413.6191008237754 841
1692385670764 1413.6063434242526 842
1692385670773 1413.6650834091133 843
1692385670781 1413.4472686635688 844
1692385670790 1413.4734114073312 845
1692385670798 1413.3679175111158 846
1692385670807 1413.3245798340186 847
1692385670815 1413.3546383770224 848
1692385670824 1413.3278619469804 849
1692385670833 1413.624886156588 850
1692385670842 1413.4995012618401 851
1692385670851 1413.4594378932732 852
1692385670859 1413.5570511497892 853
1692385670869 1413.4425476304275 854
1692385670878 1413.414212587859 855
1692385670887 1413.3924541572796 856
1692385670896 1413.3164117989395 857
1692385670905 1413.2154925107968 858
1692385670914 1413.1231871310627 859
1692385670924 1413.0607817088191 860
1692385670932 1412.9808072660596 861
1692385670942 1412.951142779579 862
1692385670951 1413.4717295869957 863
1692385670960 1413.1657816643553 864
1692385670969 1413.1819497728886 865
1692385670977 1412.9271666819382 866
1692385670986 1412.992116769173 867
1692385670995 1412.879880269451 868
1692385671003 1412.8629175351127 869
1692385671012 1412.9456758732338 870
1692385671021 1412.7572497157173 871
1692385671029 1412.7296687220376 872
1692385671038 1412.6932055161144 873
1692385671048 1412.6594439644664 874
1692385671057 1412.609778742506 875
1692385671066 1412.6799389083449 876
1692385671075 1412.5449932006584 877
1692385671083 1412.5294318386552 878
1692385671092 1412.5490828539657 879
1692385671100 1412.7237051488487 880
1692385671108 1412.4542718160956 881
1692385671117 1412.4837012615665 882
1692385671126 1412.3703513392545 883
1692385671135 1412.4578468335394 884
1692385671143 1412.4468557961518 885
1692385671152 1412.358071478929 886
1692385671161 1412.312981375941 887
1692385671170 1412.242655133366 888
1692385671179 1412.2194689911871 889
1692385671188 1412.1747625412745 890
1692385671196 1412.1477666142982 891
1692385671206 1412.1502502293065 892
1692385671215 1412.1559045668105 893
1692385671224 1412.0294990699701 894
1692385671232 1412.0713225324632 895
1692385671241 1412.0596945176746 896
1692385671250 1411.9321302546246 897
1692385671259 1411.9005381426753 898
1692385671269 1412.0120134880806 899
1692385671277 1412.2216230991091 900
1692385671287 1411.9008049985805 901
1692385671296 1411.9073134911896 902
1692385671305 1412.1723365094094 903
1692385671313 1411.7551320348653 904
1692385671322 1411.716450791672 905
1692385671331 1411.810942169388 906
1692385671340 1411.6265513724816 907
1692385671349 1411.5910542191461 908
1692385671357 1411.5861188587085 909
1692385671367 1411.7377842544565 910
1692385671375 1411.5080085911814 911
1692385671384 1411.4812643680293 912
1692385671393 1411.4722721880053 913
1692385671402 1411.506046197444 914
1692385671412 1411.445845048948 915
1692385671423 1411.4240635542596 916
1692385671432 1411.344019305109 917
1692385671441 1411.2801135812922 918
1692385671450 1411.2448612726553 919
1692385671459 1411.2112555817985 920
1692385671468 1411.1396459197651 921
1692385671477 1411.1475543344384 922
1692385671486 1411.3763172798526 923
1692385671494 1411.1025442356508 924
1692385671504 1411.012084300236 925
1692385671513 1410.9808330574133 926
1692385671521 1411.164986293199 927
1692385671530 1410.9270770389455 928
1692385671539 1411.0541959204704 929
1692385671548 1410.9021462341834 930
1692385671557 1410.8882226252085 931
1692385671566 1410.8234131139286 932
1692385671575 1410.9587678658372 933
1692385671584 1410.7800668171847 934
1692385671593 1410.7558963610838 935
1692385671602 1410.8055574799093 936
1692385671611 1410.673250310711 937
1692385671620 1410.5997732483315 938
1692385671629 1410.96790822245 939
1692385671638 1410.7919832734058 940
1692385671646 1410.560619182535 941
1692385671655 1410.5486465727347 942
1692385671664 1410.6045751910885 943
1692385671673 1410.8217094077006 944
1692385671682 1410.6225555295068 945
1692385671691 1410.4068440262058 946
1692385671700 1410.3717007271118 947
1692385671709 1410.7720252885308 948
1692385671718 1410.3607484899285 949
1692385671727 1410.2770471757208 950
1692385671736 1410.5773537788032 951
1692385671744 1410.1984167329365 952
1692385671754 1410.255256908402 953
1692385671763 1410.1863806332474 954
1692385671772 1410.1567776358008 955
1692385671781 1410.119078343628 956
1692385671790 1410.1722519861246 957
1692385671798 1410.179287785243 958
1692385671807 1410.041090218374 959
1692385671816 1409.9776141117836 960
1692385671825 1409.927061813637 961
1692385671834 1409.8681535710393 962
1692385671843 1409.8589948728109 963
1692385671851 1409.8166379051906 964
1692385671860 1409.7731543893524 965
1692385671869 1409.7833161315364 966
1692385671878 1410.0734310001592 967
1692385671888 1409.7988621637073 968
1692385671897 1409.7819746405378 969
1692385671906 1409.6487437169576 970
1692385671914 1409.6205381479583 971
1692385671923 1409.5391576092134 972
1692385671932 1409.4272491302577 973
1692385671941 1409.4114481094944 974
1692385671949 1409.4761237808689 975
1692385671958 1409.4732743577554 976
1692385671967 1409.4439571250984 977
1692385671975 1409.399904531604 978
1692385671983 1409.344367626194 979
1692385671992 1409.3000865753074 980
1692385672001 1409.2108426937855 981
1692385672010 1409.2400286142638 982
1692385672019 1409.0840068955888 983
1692385672027 1409.199745648454 984
1692385672036 1409.070657366644 985
1692385672045 1409.0274643857786 986
1692385672053 1409.0384097559365 987
1692385672062 1408.9282734020203 988
1692385672070 1409.03965127539 989
1692385672079 1408.8645020113956 990
1692385672088 1408.831270920527 991
1692385672096 1408.8238026682889 992
1692385672105 1408.7600520861479 993
1692385672113 1408.6825305186449 994
1692385672122 1408.7370084308739 995
1692385672131 1408.66404959924 996
1692385672140 1408.5768752962906 997
1692385672149 1408.5355651360483 998
1692385672157 1408.5119612054 999
1692385672167 1408.5428118807674 1000
1692385672175 1408.5418371531266 1001
1692385672185 1408.4911924228315 1002
1692385672194 1408.5477057478663 1003
1692385672204 1408.4287809115526 1004
1692385672212 1408.4718568610035 1005
1692385672221 1408.2657714645939 1006
1692385672230 1408.2980761572896 1007
1692385672239 1408.2221314193202 1008
1692385672248 1408.2160505324155 1009
1692385672256 1408.2134458465464 1010
1692385672266 1408.3735276666498 1011
1692385672275 1408.1912482552325 1012
1692385672283 1408.1214088932206 1013
1692385672292 1408.2063635839245 1014
1692385672301 1408.3663932745371 1015
1692385672310 1407.9825531108295 1016
1692385672319 1408.0287274908953 1017
1692385672327 1407.940216607299 1018
1692385672336 1407.999706460477 1019
1692385672345 1407.890994792723 1020
1692385672354 1407.8428430717408 1021
1692385672363 1407.7367778090943 1022
1692385672372 1407.777119923364 1023
1692385672381 1407.67210135165 1024
1692385672390 1407.6174353108909 1025
1692385672399 1407.531142051006 1026
1692385672408 1407.5358083292429 1027
1692385672417 1407.4393564787317 1028
1692385672426 1407.4625312717799 1029
1692385672435 1407.408084636872 1030
1692385672444 1407.3249025858622 1031
1692385672453 1407.2891547401346 1032
1692385672462 1407.2404901174134 1033
1692385672470 1407.4676323601623 1034
1692385672480 1407.135729639647 1035
1692385672488 1407.428164546532 1036
1692385672497 1407.1153910526486 1037
1692385672506 1407.21979150447 1038
1692385672514 1407.0048637905502 1039
1692385672523 1406.9863538456084 1040
1692385672532 1406.955125550234 1041
1692385672541 1407.0270188563272 1042
1692385672550 1406.9546321227158 1043
1692385672559 1406.7488265673558 1044
1692385672567 1406.71637328367 1045
1692385672576 1406.7038481727427 1046
1692385672585 1406.582821779782 1047
1692385672594 1406.553915943631 1048
1692385672603 1406.6348146719342 1049
1692385672612 1406.452437389103 1050
1692385672621 1406.5740135015783 1051
1692385672630 1406.3292608860918 1052
1692385672639 1406.2700536452398 1053
1692385672647 1406.2892075505292 1054
1692385672657 1406.208737745198 1055
1692385672665 1406.7807174118589 1056
1692385672674 1406.1893529258007 1057
1692385672683 1406.76334719846 1058
1692385672692 1406.0145569239335 1059
1692385672701 1406.0289789273384 1060
1692385672710 1406.0563808859029 1061
1692385672719 1405.910860323492 1062
1692385672728 1405.9001283795833 1063
1692385672737 1406.040119591778 1064
1692385672745 1405.6864768283601 1065
1692385672754 1405.6597984311902 1066
1692385672762 1405.8557083000774 1067
1692385672771 1405.5909415046822 1068
1692385672780 1405.7598107631263 1069
1692385672790 1405.4948489935032 1070
1692385672798 1405.7166919815318 1071
1692385672807 1405.336669485329 1072
1692385672816 1405.3935511828388 1073
1692385672825 1405.4493181019957 1074
1692385672834 1405.351935311914 1075
1692385672843 1405.3230430494864 1076
1692385672852 1405.2046690453685 1077
1692385672861 1405.0931697316505 1078
1692385672869 1405.1293748644412 1079
1692385672878 1405.020977866387 1080
1692385672887 1404.9685372336453 1081
1692385672896 1404.8947341296057 1082
1692385672904 1404.925209126966 1083
1692385672913 1404.7636382326723 1084
1692385672922 1404.7629252140205 1085
1692385672930 1405.0495666837069 1086
1692385672938 1404.721921495825 1087
1692385672947 1404.6456608583203 1088
1692385672956 1404.6088883202335 1089
1692385672965 1404.548985888087 1090
1692385672974 1404.5172859704398 1091
1692385672982 1404.43767751314 1092
1692385672991 1404.389946545884 1093
1692385672999 1404.3228898534799 1094
1692385673008 1404.3537090560474 1095
1692385673016 1404.272534629992 1096
1692385673025 1404.3527824427413 1097
1692385673034 1404.3516409513797 1098
1692385673042 1404.2293994504216 1099
1692385673051 1404.2271711188698 1100
1692385673059 1404.246998627512 1101
1692385673068 1404.1419498310743 1102
1692385673076 1404.1811835899582 1103
1692385673084 1404.01243062207 1104
1692385673093 1403.992010559288 1105
1692385673101 1403.8563186433803 1106
1692385673110 1403.7945070567926 1107
1692385673119 1403.7462930639153 1108
1692385673127 1403.8036887119981 1109
1692385673136 1403.69057529747 1110
1692385673144 1403.6620193346166 1111
1692385673153 1403.7674221799625 1112
1692385673162 1403.6629271555244 1113
1692385673171 1403.5483440052033 1114
1692385673180 1403.6250677953067 1115
1692385673188 1403.5399840392336 1116
1692385673197 1403.4301177743919 1117
1692385673207 1403.4606579082597 1118
1692385673215 1403.3961583242215 1119
1692385673224 1403.4746840725895 1120
1692385673233 1403.318253894886 1121
1692385673242 1403.3073608575924 1122
1692385673251 1403.31842149996 1123
1692385673260 1403.1919781564816 1124
1692385673268 1403.3677486130575 1125
1692385673277 1403.6685371791234 1126
1692385673286 1403.0220800560476 1127
1692385673295 1403.2938931115455 1128
1692385673304 1403.036377924919 1129
1692385673312 1402.8883788605972 1130
1692385673321 1402.877308926471 1131
1692385673329 1402.8252627300917 1132
1692385673338 1402.7780321512735 1133
1692385673346 1403.0470332847112 1134
1692385673355 1402.7520647826013 1135
1692385673364 1402.9233067710481 1136
1692385673372 1402.7497843848437 1137
1692385673381 1402.7477859974529 1138
1692385673389 1402.7863207062414 1139
1692385673398 1402.540300297851 1140
1692385673406 1402.4952044656582 1141
1692385673415 1402.446976529123 1142
1692385673423 1402.9241184237394 1143
1692385673432 1402.392729913024 1144
1692385673441 1402.365060999523 1145
1692385673449 1402.3766794100677 1146
1692385673458 1402.6526871983958 1147
1692385673466 1402.2959304272426 1148
1692385673474 1402.157186163291 1149
1692385673483 1402.214316832307 1150
1692385673491 1402.3037594606337 1151
1692385673500 1402.1455910780865 1152
1692385673508 1402.0407025875961 1153
1692385673517 1402.032646678667 1154
1692385673526 1401.9318462173233 1155
1692385673535 1402.0682685141394 1156
1692385673543 1402.1034294238818 1157
1692385673552 1401.9569649257978 1158
1692385673561 1402.0694475188925 1159
1692385673570 1401.8694265837569 1160
1692385673579 1401.696133062841 1161
1692385673587 1401.6377922270283 1162
1692385673596 1401.7749687321411 1163
1692385673606 1401.624382921339 1164
1692385673614 1401.8720258963313 1165
1692385673624 1401.6166527221858 1166
1692385673633 1401.482994408241 1167
1692385673642 1401.567210357874 1168
1692385673652 1401.3903100220846 1169
1692385673661 1401.3240566354352 1170
1692385673669 1401.2870506526253 1171
1692385673678 1401.4170477197897 1172
1692385673688 1401.1781625952356 1173
1692385673697 1401.5931087224255 1174
1692385673706 1401.2685812522852 1175
1692385673715 1401.237040156818 1176
1692385673725 1401.1636639106646 1177
1692385673734 1401.2451920292935 1178
1692385673743 1401.0438530036718 1179
1692385673753 1400.9621507539437 1180
1692385673761 1400.9373196176662 1181
1692385673770 1400.8723189001435 1182
1692385673779 1400.7907304134262 1183
1692385673788 1400.7517583096912 1184
1692385673797 1400.793451954186 1185
1692385673806 1400.9292779103105 1186
1692385673815 1400.533989988519 1187
1692385673824 1400.6172819761669 1188
1692385673833 1400.7256521490435 1189
1692385673842 1400.5177423537075 1190
1692385673852 1400.4401713741306 1191
1692385673860 1400.9476821459375 1192
1692385673870 1400.6794603266555 1193
1692385673878 1400.377078475403 1194
1692385673887 1400.2672096873264 1195
1692385673896 1400.2030777206046 1196
1692385673906 1400.0833313378764 1197
1692385673914 1400.0658280755385 1198
1692385673923 1399.9793470807529 1199
1692385673932 1399.9703665694867 1200
1692385673941 1399.9049269619393 1201
1692385673950 1399.8079491322271 1202
1692385673958 1399.7678404655485 1203
1692385673968 1399.8155297764351 1204
1692385673977 1399.9899614622789 1205
1692385673985 1399.6657111534994 1206
1692385673995 1399.71782015289 1207
1692385674004 1399.544517781074 1208
1692385674013 1399.4574934239324 1209
1692385674022 1399.3722103894095 1210
1692385674030 1399.3184468866336 1211
1692385674040 1399.2927987337375 1212
1692385674049 1399.2226058725971 1213
1692385674057 1399.3755977393441 1214
1692385674066 1399.2450952298857 1215
1692385674075 1399.18460544122 1216
1692385674085 1399.1415671186994 1217
1692385674093 1398.9912771542024 1218
1692385674103 1398.9944797490382 1219
1692385674112 1398.9344318015899 1220
1692385674121 1398.9168797726697 1221
1692385674130 1398.9166473126977 1222
1692385674139 1398.7833208980564 1223
1692385674147 1398.9951487957803 1224
1692385674157 1398.636964224068 1225
1692385674166 1398.6367226901787 1226
1692385674175 1398.5024912307247 1227
1692385674184 1398.5059187240333 1228
1692385674193 1398.489341993086 1229
1692385674202 1398.44220209743 1230
1692385674211 1398.4258113827682 1231
1692385674220 1398.3714440496603 1232
1692385674229 1398.3058579609353 1233
1692385674238 1398.2744232892858 1234
1692385674247 1398.2017370146991 1235
1692385674256 1398.1198794266709 1236
1692385674264 1398.0549576889564 1237
1692385674273 1398.0714641546576 1238
1692385674282 1397.999237254161 1239
1692385674291 1398.0336262841852 1240
1692385674299 1398.015272924558 1241
1692385674308 1398.1295113850001 1242
1692385674317 1398.1764366799941 1243
1692385674326 1397.6534702561348 1244
1692385674335 1398.3059199002387 1245
1692385674343 1397.6173326046649 1246
1692385674352 1397.6650942359727 1247
1692385674361 1397.5424210913293 1248
1692385674370 1397.5711540168159 1249
1692385674378 1397.3794199694205 1250
1692385674387 1397.3474456927022 1251
1692385674396 1397.2855096147882 1252
1692385674405 1397.4739091571782 1253
1692385674414 1397.4839874694133 1254
1692385674423 1397.0753022569718 1255
1692385674432 1397.0808608703253 1256
1692385674441 1396.967664727384 1257
1692385674450 1396.9708522851042 1258
1692385674459 1397.0400157578053 1259
1692385674468 1396.7822357575444 1260
1692385674476 1396.6934465395134 1261
1692385674485 1396.6562809480283 1262
1692385674494 1396.6878509040298 1263
1692385674503 1396.8076734093775 1264
1692385674512 1396.8477276067374 1265
1692385674521 1396.8143318849898 1266
1692385674530 1396.779918460692 1267
1692385674539 1396.588371334398 1268
1692385674547 1396.4671821866998 1269
1692385674556 1396.7870453976323 1270
1692385674564 1396.2391959064134 1271
1692385674573 1396.203451897821 1272
1692385674582 1396.1346867232555 1273
1692385674598 1396.9974761476249 1274
1692385674616 1396.0640003427409 1275
1692385674626 1396.050383501979 1276
1692385674636 1395.9594033972685 1277
1692385674645 1395.8424232157001 1278
1692385674654 1396.0770761150693 1279
1692385674663 1395.7635520040321 1280
1692385674673 1395.7188251047114 1281
1692385674681 1395.886751989496 1282
1692385674690 1395.8741507981806 1283
1692385674699 1395.583104618747 1284
1692385674708 1395.5373326898175 1285
1692385674717 1395.4753344740955 1286
1692385674727 1395.6244322739087 1287
1692385674736 1395.3358862870323 1288
1692385674745 1395.3236203415124 1289
1692385674754 1395.5117044625902 1290
1692385674763 1395.4746917361144 1291
1692385674772 1395.3729949835238 1292
1692385674781 1395.3298953947071 1293
1692385674791 1395.4449237157708 1294
1692385674799 1395.259591198817 1295
1692385674808 1395.2742547523053 1296
1692385674817 1395.1160850762383 1297
1692385674826 1394.9645498384648 1298
1692385674835 1395.1757256424178 1299
1692385674844 1394.8840303377772 1300
1692385674853 1394.751967282218 1301
1692385674862 1394.7566780974605 1302
1692385674871 1394.7134416393026 1303
1692385674880 1394.6835872589124 1304
1692385674889 1394.5733184477294 1305
1692385674900 1394.6052482819011 1306
1692385674909 1394.5437548188497 1307
1692385674918 1394.452607618124 1308
1692385674927 1394.4710380908944 1309
1692385674936 1394.4405780378465 1310
1692385674945 1394.3103442420716 1311
1692385674953 1394.2752822447646 1312
1692385674963 1394.2123097323624 1313
1692385674972 1394.3195568517833 1314
1692385674980 1394.3708156101939 1315
1692385674989 1394.1375959587504 1316
1692385674998 1394.1292693526266 1317
1692385675007 1393.9593764590002 1318
1692385675016 1394.1499304220708 1319
1692385675025 1393.8130375154994 1320
1692385675034 1394.0398995634273 1321
1692385675044 1393.9238126722732 1322
1692385675053 1393.8631231899044 1323
1692385675062 1394.0515493770613 1324
1692385675071 1393.9024461876895 1325
1692385675079 1393.7843544778589 1326
1692385675088 1393.6562919686914 1327
1692385675097 1393.660371986581 1328
1692385675106 1393.4530836219515 1329
1692385675115 1393.3893794607934 1330
1692385675124 1393.4783156268898 1331
1692385675134 1393.2620313163154 1332
1692385675143 1393.2317511978924 1333
1692385675151 1393.176837684511 1334
1692385675159 1393.2762387339899 1335
1692385675169 1393.1628161699578 1336
1692385675178 1393.0107292180282 1337
1692385675187 1393.0018454463373 1338
1692385675195 1392.9421509822191 1339
1692385675203 1392.8511223209027 1340
1692385675211 1392.9626788664416 1341
1692385675219 1393.0098819280042 1342
1692385675228 1392.6214190212354 1343
1692385675237 1392.5923208222698 1344
1692385675246 1392.5991550887882 1345
1692385675254 1392.48962312696 1346
1692385675262 1392.4077837517195 1347
1692385675271 1392.9246961847502 1348
1692385675279 1392.3302981506415 1349
1692385675287 1392.2141668659438 1350
1692385675296 1392.2432383162384 1351
1692385675305 1392.0681154043464 1352
1692385675314 1392.0495623791423 1353
1692385675323 1392.0358954784544 1354
1692385675330 1391.9471144689358 1355
1692385675339 1391.8914619635166 1356
1692385675347 1391.8904294024062 1357
1692385675356 1391.8552478610084 1358
1692385675365 1391.8181660810242 1359
1692385675373 1391.6517988369424 1360
1692385675382 1391.522018944426 1361
1692385675390 1391.4634175768479 1362
1692385675398 1391.4194496468588 1363
1692385675407 1391.408014772015 1364
1692385675415 1391.4994599300292 1365
1692385675424 1391.6612763141557 1366
1692385675432 1391.4565380038662 1367
1692385675441 1391.3761780063837 1368
1692385675449 1391.3117044666533 1369
1692385675458 1391.4964199263695 1370
1692385675466 1391.165281299176 1371
1692385675475 1391.0793050885616 1372
1692385675483 1390.8803090143604 1373
1692385675492 1390.716317637996 1374
1692385675501 1390.6211551529234 1375
1692385675509 1391.2912236626173 1376
1692385675518 1390.7204366633275 1377
1692385675526 1390.842414993828 1378
1692385675534 1390.7894623101354 1379
1692385675543 1390.5787581737172 1380
1692385675551 1391.0203394263117 1381
1692385675559 1390.6470391630678 1382
1692385675568 1390.2908326588588 1383
1692385675576 1390.1838995899482 1384
1692385675584 1390.105820053335 1385
1692385675593 1390.0872486138294 1386
1692385675602 1390.1609689739814 1387
1692385675610 1390.066586595102 1388
1692385675619 1390.2064326229256 1389
1692385675627 1390.1627116461555 1390
1692385675636 1389.825987841112 1391
1692385675644 1389.8082003008828 1392
1692385675652 1389.6825289351914 1393
1692385675662 1389.6256469637804 1394
1692385675670 1389.7054498458876 1395
1692385675678 1389.5262836053064 1396
1692385675686 1389.51981093245 1397
1692385675695 1389.5255114460174 1398
1692385675703 1389.384420973263 1399
1692385675712 1389.3335107421096 1400
1692385675721 1389.2412485335908 1401
1692385675729 1389.4389800683857 1402
1692385675738 1389.1012152987546 1403
1692385675746 1389.1068902692145 1404
1692385675755 1389.0188885137056 1405
1692385675763 1388.99248210951 1406
1692385675772 1388.9598291531765 1407
1692385675781 1389.0238688437619 1408
1692385675789 1388.7299646740703 1409
1692385675798 1388.7368088422224 1410
1692385675807 1388.67316768653 1411
1692385675815 1388.6791357018778 1412
1692385675823 1388.6131458941186 1413
1692385675832 1388.6859377817827 1414
1692385675841 1388.4526937468902 1415
1692385675849 1388.3857317409995 1416
1692385675857 1388.6999356775416 1417
1692385675866 1388.2221250862551 1418
1692385675874 1388.2392099082983 1419
1692385675883 1388.2545252363107 1420
1692385675892 1388.0820044332477 1421
1692385675901 1389.0387464222758 1422
1692385675909 1387.9017705983906 1423
1692385675918 1388.057439392455 1424
1692385675926 1388.0264028234994 1425
1692385675935 1387.8290042574738 1426
1692385675943 1387.9053628338881 1427
1692385675951 1387.9757217254175 1428
1692385675960 1387.5512310443225 1429
1692385675969 1387.7210832005503 1430
1692385675977 1387.4746553348741 1431
1692385675986 1387.9220257855327 1432
1692385675994 1387.740824604 1433
1692385676002 1387.3586171861784 1434
1692385676011 1387.2347459599687 1435
1692385676019 1387.1705749152356 1436
1692385676028 1387.112526253227 1437
1692385676037 1387.237029641887 1438
1692385676046 1386.9703319945736 1439
1692385676054 1386.9706912945474 1440
1692385676063 1387.1808835365694 1441
1692385676072 1386.8267149773976 1442
1692385676081 1386.7776480291104 1443
1692385676089 1387.0219536315358 1444
1692385676097 1386.8045327150119 1445
1692385676105 1386.5924579810226 1446
1692385676114 1386.4884927679268 1447
1692385676122 1386.7973575441092 1448
1692385676131 1386.386320944618 1449
1692385676140 1386.3919928834475 1450
1692385676149 1386.3228397922076 1451
1692385676157 1386.339252859729 1452
1692385676166 1386.2191181024127 1453
1692385676174 1386.140625119226 1454
1692385676183 1385.9760832890272 1455
1692385676191 1386.3680828292577 1456
1692385676199 1386.1127191955695 1457
1692385676208 1386.1198024315918 1458
1692385676216 1385.952324811377 1459
1692385676226 1385.7542163623827 1460
1692385676234 1385.5818096157557 1461
1692385676243 1385.4939478590645 1462
1692385676251 1386.250676213096 1463
1692385676260 1385.5603560095415 1464
1692385676268 1385.5463672069013 1465
1692385676277 1385.4308930748414 1466
1692385676285 1385.400013287534 1467
1692385676294 1385.309502490549 1468
1692385676303 1385.3914744689403 1469
1692385676312 1385.1717815789925 1470
1692385676320 1385.105485200267 1471
1692385676328 1385.0175555828516 1472
1692385676338 1384.8583993023346 1473
1692385676346 1384.8379266535999 1474
1692385676354 1384.6591261090289 1475
1692385676363 1384.6431172921082 1476
1692385676372 1384.6727014436879 1477
1692385676382 1384.9426077447754 1478
1692385676392 1385.3388061934672 1479
1692385676402 1385.2906139085972 1480
1692385676413 1385.0092936924996 1481
1692385676421 1385.1333936451845 1482
1692385676431 1384.7270087245292 1483
1692385676441 1384.4446311180054 1484
1692385676450 1384.1999030471177 1485
1692385676459 1384.160925532249 1486
1692385676469 1384.0199447724362 1487
1692385676478 1383.9801026764892 1488
1692385676487 1383.910624047742 1489
1692385676496 1383.7685086531274 1490
1692385676505 1383.791475313036 1491
1692385676514 1383.8434678659717 1492
1692385676523 1383.6049621498737 1493
1692385676531 1383.7252803647064 1494
1692385676541 1383.4743077565977 1495
1692385676550 1383.3934778189493 1496
1692385676559 1383.3593288546253 1497
1692385676569 1383.372122363925 1498
1692385676578 1383.292167186824 1499
1692385676587 1383.1104245039985 1500
1692385676596 1383.072857642848 1501
1692385676605 1383.2383383968513 1502
1692385676614 1383.019995558104 1503
1692385676623 1382.9806330463964 1504
1692385676633 1382.8687306751847 1505
1692385676641 1382.8951911664265 1506
1692385676651 1382.7013581970268 1507
1692385676660 1382.715360035001 1508
1692385676670 1382.571679890206 1509
1692385676679 1382.536055453288 1510
1692385676688 1382.5622788382166 1511
1692385676698 1382.7023760189609 1512
1692385676707 1382.2614031094035 1513
1692385676716 1382.774308303221 1514
1692385676725 1382.4906690866483 1515
1692385676735 1382.2642489624197 1516
1692385676744 1382.192924628649 1517
1692385676753 1382.0467933407656 1518
1692385676763 1381.9184753076477 1519
1692385676773 1382.0223083399535 1520
1692385676782 1381.8303165897457 1521
1692385676791 1381.8742387361826 1522
1692385676801 1381.6794112961888 1523
1692385676811 1381.614257965598 1524
1692385676821 1381.7315171409125 1525
1692385676832 1381.496253722124 1526
1692385676841 1381.385181087753 1527
1692385676851 1381.3296181426886 1528
1692385676872 1381.7162046145604 1529
1692385676883 1381.123086516274 1530
1692385676892 1381.083345942815 1531
1692385676902 1381.245889421721 1532
1692385676911 1381.2940120390358 1533
1692385676923 1381.9083025295117 1534
1692385676934 1381.2107154707435 1535
1692385676943 1381.2622527013016 1536
1692385676953 1380.746557082051 1537
1692385676963 1380.5748736480712 1538
1692385676975 1380.9464563031306 1539
1692385676988 1380.5414629456175 1540
1692385676998 1380.4238976503327 1541
1692385677009 1380.5401720496254 1542
1692385677020 1380.4132105151868 1543
1692385677030 1380.3441860092912 1544
1692385677040 1380.2252287325464 1545
1692385677050 1380.3367830448653 1546
1692385677059 1380.062481629651 1547
1692385677070 1380.3226720520393 1548
1692385677078 1379.9033891888757 1549
1692385677089 1380.0508852152252 1550
1692385677097 1379.847498712628 1551
1692385677107 1379.7796939972225 1552
1692385677117 1379.633009473366 1553
1692385677126 1379.6273081580207 1554
1692385677136 1379.6147584798764 1555
1692385677146 1380.4444040093938 1556
1692385677155 1379.3799616239448 1557
1692385677165 1379.3430519922233 1558
1692385677174 1379.262309514411 1559
1692385677184 1379.278750119429 1560
1692385677193 1379.1713876599108 1561
1692385677202 1379.019209540337 1562
1692385677211 1379.0073452940796 1563
1692385677222 1378.9071309632416 1564
1692385677232 1378.89477931538 1565
1692385677241 1378.8011644986486 1566
1692385677250 1378.7157934008233 1567
1692385677260 1378.9200261767974 1568
1692385677270 1378.5987387244622 1569
1692385677279 1378.5176729132052 1570
1692385677289 1378.5215496104897 1571
1692385677297 1378.4000948168175 1572
1692385677306 1378.2932320997309 1573
1692385677317 1379.0624809556439 1574
1692385677326 1378.1374390939395 1575
1692385677337 1378.1344059106962 1576
1692385677346 1378.1223422602816 1577
1692385677355 1378.0576782915077 1578
1692385677364 1377.9405999585026 1579
1692385677374 1377.8573560286131 1580
1692385677383 1377.9403703686717 1581
1692385677392 1377.7299803304943 1582
1692385677402 1377.5771097292925 1583
1692385677413 1377.5284244610862 1584
1692385677422 1378.1518530352107 1585
1692385677433 1377.7880187223961 1586
1692385677444 1377.5701025290984 1587
1692385677459 1377.5315866944495 1588
1692385677470 1377.4548785822635 1589
1692385677479 1377.1637049265375 1590
1692385677491 1377.2459624065937 1591
1692385677501 1377.0782541451238 1592
1692385677510 1376.9450956952076 1593
1692385677521 1376.9041231404349 1594
1692385677530 1376.8139720979527 1595
1692385677540 1376.7280933637273 1596
1692385677550 1376.739193527584 1597
1692385677559 1376.8252799095392 1598
1692385677569 1376.5410116969836 1599
1692385677578 1376.6125119380745 1600
1692385677588 1376.6314513452592 1601
1692385677598 1376.5720982700332 1602
1692385677609 1376.599592040224 1603
1692385677619 1377.307704916199 1604
1692385677629 1376.232768582712 1605
1692385677640 1376.1853834069668 1606
1692385677649 1376.0523335292926 1607
1692385677658 1375.9420332338634 1608
1692385677668 1375.8960205236885 1609
1692385677676 1375.9073630522223 1610
1692385677686 1375.8010430650766 1611
1692385677695 1376.1021907089337 1612
1692385677704 1375.670052734915 1613
1692385677713 1375.817665626176 1614
1692385677723 1376.0640438240844 1615
1692385677732 1376.014204972278 1616
1692385677742 1375.5886994962057 1617
1692385677751 1375.5489588627152 1618
1692385677760 1375.4511707604242 1619
1692385677768 1375.3322836157854 1620
1692385677779 1375.0928197839578 1621
1692385677788 1375.124820551278 1622
1692385677797 1375.2244396814197 1623
1692385677806 1374.889274703263 1624
1692385677815 1374.8392183106398 1625
1692385677824 1374.8366001288275 1626
1692385677834 1374.7604778245945 1627
1692385677842 1375.1499431305224 1628
1692385677852 1374.6940280422562 1629
1692385677861 1374.570921678993 1630
1692385677870 1374.5110880569466 1631
1692385677880 1374.6910966286848 1632
1692385677889 1374.310667126556 1633
1692385677898 1374.1840911703227 1634
1692385677907 1374.2612434808657 1635
1692385677917 1374.1473303057608 1636
1692385677925 1374.1779092798797 1637
1692385677935 1373.9368873882484 1638
1692385677944 1373.9411802593193 1639
1692385677953 1373.7271530765004 1640
1692385677962 1373.6979492373544 1641
1692385677972 1373.769952851149 1642
1692385677981 1373.6481165209318 1643
1692385677991 1373.5832791885666 1644
1692385678000 1373.5156303714932 1645
1692385678009 1373.4923374893403 1646
1692385678019 1373.1929005050274 1647
1692385678027 1373.788004650257 1648
1692385678036 1373.3341766247552 1649
1692385678045 1373.1937043028174 1650
1692385678054 1373.103437970421 1651
1692385678063 1373.5632478830246 1652
1692385678072 1373.2738155941151 1653
1692385678081 1372.8075741919397 1654
1692385678091 1373.280802748677 1655
1692385678099 1373.189533915365 1656
1692385678108 1372.9156415354178 1657
1692385678117 1373.0343039722486 1658
1692385678126 1372.65460616706 1659
1692385678135 1372.4990425790281 1660
1692385678143 1372.3350603237545 1661
1692385678153 1372.1592895880055 1662
1692385678162 1372.3640681002782 1663
1692385678171 1372.1240244148482 1664
1692385678180 1372.257065283208 1665
1692385678191 1372.0146726337568 1666
1692385678203 1372.2995807158295 1667
1692385678213 1371.821739752162 1668
1692385678222 1371.7563927718907 1669
1692385678232 1371.9501231886602 1670
1692385678241 1371.567296287333 1671
1692385678255 1371.4731773929523 1672
1692385678264 1371.3963658320486 1673
1692385678273 1371.463883930014 1674
1692385678282 1371.4301943909054 1675
1692385678291 1371.2699021434998 1676
1692385678300 1371.3055961878456 1677
1692385678308 1371.1515826828431 1678
1692385678317 1371.109963868409 1679
1692385678326 1371.2463865450472 1680
1692385678335 1370.870894635994 1681
1692385678343 1370.8150390562598 1682
1692385678352 1370.7475146405234 1683
1692385678361 1371.3101327460713 1684
1692385678369 1370.519483855905 1685
1692385678378 1371.3081409476197 1686
1692385678388 1370.638525202188 1687
1692385678397 1370.5139680958152 1688
1692385678406 1370.4220162676131 1689
1692385678416 1370.2724680855354 1690
1692385678425 1370.2825322281712 1691
1692385678434 1370.189737249968 1692
1692385678443 1369.9955479860737 1693
1692385678452 1369.9315987114867 1694
1692385678462 1369.913652369225 1695
1692385678471 1369.8507399896243 1696
1692385678479 1369.7561281680544 1697
1692385678489 1369.743710187237 1698
1692385678498 1369.6555728561102 1699
1692385678507 1369.4945885682318 1700
1692385678517 1369.709241172882 1701
1692385678526 1369.254981087595 1702
1692385678535 1369.3105700694373 1703
1692385678544 1369.304751282967 1704
1692385678554 1369.8071908591223 1705
1692385678563 1369.758702755269 1706
1692385678572 1369.369616588826 1707
1692385678581 1369.5635747105614 1708
1692385678590 1369.1373458582989 1709
1692385678599 1369.438488813591 1710
1692385678609 1369.117151581997 1711
1692385678618 1368.7188017985773 1712
1692385678627 1368.6511891620532 1713
1692385678636 1368.7051837815147 1714
1692385678645 1368.6127262021432 1715
1692385678654 1368.5575106002448 1716
1692385678663 1368.2950038897961 1717
1692385678673 1368.343274665989 1718
1692385678682 1368.1782302416375 1719
1692385678691 1368.053775831407 1720
1692385678701 1369.03419612359 1721
1692385678710 1368.1725627891842 1722
1692385678719 1368.0826400885417 1723
1692385678728 1368.3415222184979 1724
1692385678738 1367.6580241379156 1725
1692385678746 1367.6622465361002 1726
1692385678756 1367.84274943354 1727
1692385678765 1367.9584552501747 1728
1692385678774 1367.679952238861 1729
1692385678784 1367.5946940814142 1730
1692385678793 1368.3599194152234 1731
1692385678801 1367.4168299916562 1732
1692385678811 1367.1007229328416 1733
1692385678821 1367.1007216411408 1734
1692385678835 1367.0464080068807 1735
1692385678846 1367.310769086945 1736
1692385678854 1367.0694443587777 1737
1692385678864 1366.9726054628188 1738
1692385678873 1366.932567262008 1739
1692385678881 1367.3046412923795 1740
1692385678891 1366.7319058512094 1741
1692385678900 1366.5819493920862 1742
1692385678909 1366.5394154639446 1743
1692385678918 1366.7585928947872 1744
1692385678927 1366.441816504831 1745
1692385678936 1366.266882564627 1746
1692385678945 1366.2598009980807 1747
1692385678954 1366.0837136849725 1748
1692385678964 1366.159608878462 1749
1692385678973 1365.9113800860162 1750
1692385678982 1365.899668702046 1751
1692385678991 1365.7540640504067 1752
1692385679001 1365.6819961201543 1753
1692385679009 1365.6797167893685 1754
1692385679019 1365.9161914145548 1755
1692385679027 1365.6974852349138 1756
1692385679037 1365.767694452927 1757
1692385679046 1365.73876067562 1758
1692385679054 1365.9752524258197 1759
1692385679063 1365.5380032334865 1760
1692385679072 1365.4939584208716 1761
1692385679080 1365.4473594243836 1762
1692385679089 1365.3429895492623 1763
1692385679098 1365.1405507813577 1764
1692385679109 1364.8324465483038 1765
1692385679118 1364.891227067526 1766
1692385679127 1364.7747746001762 1767
1692385679136 1364.749420487383 1768
1692385679145 1365.0423699004803 1769
1692385679154 1364.6375415275375 1770
1692385679162 1364.617517628922 1771
1692385679171 1364.5053129049215 1772
1692385679180 1364.4424957871606 1773
1692385679188 1364.3513476661185 1774
1692385679197 1364.154691287111 1775
1692385679206 1364.091736804011 1776
1692385679214 1363.9912768762902 1777
1692385679223 1364.0492103288675 1778
1692385679232 1364.1044090672387 1779
1692385679241 1364.638464391678 1780
1692385679250 1363.881439230868 1781
1692385679258 1363.706518288756 1782
1692385679267 1363.6070111148022 1783
1692385679276 1363.941657183527 1784
1692385679286 1363.4501720549883 1785
1692385679295 1363.4049839867666 1786
1692385679304 1363.7600471148298 1787
1692385679313 1363.296443621064 1788
1692385679322 1363.2285872452123 1789
1692385679331 1363.1195135435191 1790
1692385679340 1363.19380644502 1791
1692385679349 1363.256191398176 1792
1692385679359 1363.2759778911109 1793
1692385679370 1362.8205760547692 1794
1692385679379 1362.8625545634652 1795
1692385679388 1363.1586173195628 1796
1692385679397 1363.1238076013792 1797
1692385679406 1363.4291379135582 1798
1692385679414 1362.804737305277 1799
1692385679423 1362.6842025630112 1800
1692385679432 1362.9883150049616 1801
1692385679441 1362.7156685887032 1802
1692385679450 1362.449374264136 1803
1692385679459 1362.6448290827875 1804
1692385679467 1362.5958036901313 1805
1692385679476 1362.527347903724 1806
1692385679485 1362.172916466535 1807
1692385679494 1361.9300016399716 1808
1692385679502 1361.8976822906877 1809
1692385679511 1361.7746760077366 1810
1692385679520 1361.7644616210562 1811
1692385679531 1361.6998910929588 1812
1692385679540 1361.5222896615755 1813
1692385679549 1361.3938917981386 1814
1692385679558 1361.3863682181104 1815
1692385679567 1361.2812379042325 1816
1692385679576 1361.2832911325734 1817
1692385679585 1361.1618020755423 1818
1692385679594 1361.2428015874987 1819
1692385679602 1361.0657044821394 1820
1692385679611 1361.1702550917394 1821
1692385679620 1361.2294221034806 1822
1692385679628 1361.2355342857284 1823
1692385679638 1361.1872025588905 1824
1692385679647 1360.887005340196 1825
1692385679656 1361.186900107055 1826
1692385679665 1360.8644472798871 1827
1692385679674 1360.5634138430146 1828
1692385679684 1360.5816793983395 1829
1692385679693 1360.3285837814208 1830
1692385679701 1360.5711081091938 1831
1692385679710 1360.4784097379654 1832
1692385679719 1360.394053933894 1833
1692385679728 1360.4673943474334 1834
1692385679737 1360.0314311306145 1835
1692385679747 1359.986851213721 1836
1692385679758 1360.0399662132604 1837
1692385679768 1359.896926018803 1838
1692385679777 1359.7347978664536 1839
1692385679787 1359.8293014412416 1840
1692385679797 1359.611228371124 1841
1692385679806 1359.8186737076958 1842
1692385679815 1359.427864395679 1843
1692385679825 1359.630869357102 1844
1692385679835 1359.379623959642 1845
1692385679844 1359.2670262604342 1846
1692385679855 1359.3806611897355 1847
1692385679864 1359.1381688891215 1848
1692385679874 1358.9924976922928 1849
1692385679886 1359.9339590135985 1850
1692385679895 1359.219177696882 1851
1692385679906 1358.8238313142012 1852
1692385679915 1358.7678590172038 1853
1692385679925 1358.5869922513853 1854
1692385679938 1358.5708607419544 1855
1692385679949 1358.5203565405127 1856
1692385679960 1358.5961006953798 1857
1692385679971 1358.4909542568103 1858
1692385679981 1358.5536301733116 1859
1692385679991 1359.069860424468 1860
1692385680001 1358.2902759640149 1861
1692385680011 1358.3488582371326 1862
1692385680021 1357.7558457632715 1863
1692385680030 1357.7627400183542 1864
1692385680039 1357.9159686480684 1865
1692385680048 1358.4345952930128 1866
1692385680057 1358.7038852534702 1867
1692385680066 1358.77366441813 1868
1692385680074 1358.8455511658462 1869
1692385680083 1358.062796637553 1870
1692385680092 1357.936021573406 1871
1692385680102 1357.638299477364 1872
1692385680111 1357.4210126158769 1873
1692385680120 1357.403985226918 1874
1692385680130 1357.333323671945 1875
1692385680139 1357.0843173230876 1876
1692385680149 1357.1706485824209 1877
1692385680158 1357.4674113665812 1878
1692385680167 1356.9626729316376 1879
1692385680177 1357.1376885971406 1880
1692385680187 1357.1009739809485 1881
1692385680196 1356.9109038791796 1882
1692385680206 1356.8895101961866 1883
1692385680214 1356.9888522435667 1884
1692385680225 1357.0875373558931 1885
1692385680236 1357.418587316913 1886
1692385680245 1356.5235089552427 1887
1692385680254 1356.250950607869 1888
1692385680263 1356.2068823684617 1889
1692385680273 1356.245367238962 1890
1692385680282 1356.3188286590587 1891
1692385680292 1356.3794376693245 1892
1692385680301 1356.4758881929927 1893
1692385680310 1356.46392016743 1894
1692385680319 1356.2598688590328 1895
1692385680328 1356.0215388289037 1896
1692385680337 1355.9143982754408 1897
1692385680345 1355.5731215908459 1898
1692385680355 1355.5056033265269 1899
1692385680364 1355.3748907133581 1900
1692385680373 1356.291309242618 1901
1692385680382 1355.821451213942 1902
1692385680391 1355.6947374267631 1903
1692385680400 1355.7494862264227 1904
1692385680410 1355.5220915547854 1905
1692385680419 1355.5071989756577 1906
1692385680427 1355.2211894477582 1907
1692385680437 1355.1519601413877 1908
1692385680445 1355.01162268409 1909
1692385680454 1354.8273654825816 1910
1692385680463 1355.0128327700108 1911
1692385680473 1354.837432400146 1912
1692385680481 1354.6998365457957 1913
1692385680490 1354.672583915077 1914
1692385680500 1354.585489475523 1915
1692385680512 1354.454623777744 1916
1692385680524 1354.3446554936882 1917
1692385680534 1354.34933803905 1918
1692385680543 1354.1626997301678 1919
1692385680553 1354.1694016838128 1920
1692385680562 1354.151589307237 1921
1692385680571 1355.3388708451919 1922
1692385680630 1354.238521800605 1923
1692385680640 1354.0425319273138 1924
1692385680649 1354.1812494565147 1925
1692385680658 1353.7921911676035 1926
1692385680668 1353.6664965813698 1927
1692385680677 1354.2551559632805 1928
1692385680686 1354.7850461112746 1929
1692385680695 1353.3538271549685 1930
1692385680707 1353.3661119876333 1931
1692385680716 1354.2239579879954 1932
1692385680727 1353.5607820491466 1933
1692385680737 1353.425343115409 1934
1692385680747 1353.5942940977964 1935
1692385680757 1353.6420325785646 1936
1692385680767 1353.760748289754 1937
1692385680777 1353.0546593284723 1938
1692385680787 1352.9479374930995 1939
1692385680798 1352.7972186726315 1940
1692385680823 1352.7580489165316 1941
1692385680837 1352.8908503001296 1942
1692385680852 1352.6938933150307 1943
1692385680862 1352.76451889933 1944
1692385680874 1352.539640758443 1945
1692385680884 1352.4784832199523 1946
1692385680894 1352.647916514074 1947
1692385680906 1352.3081773741071 1948
1692385680916 1352.1607319277118 1949
1692385680926 1352.3876646073454 1950
1692385680936 1352.5227764088993 1951
1692385680945 1352.2370009219278 1952
1692385680953 1352.1066177337416 1953
1692385680962 1351.9204382416563 1954
1692385680972 1352.056711050506 1955
1692385680981 1352.372776046765 1956
1692385680990 1351.720464394731 1957
1692385681000 1352.0232393378797 1958
1692385681009 1351.932997012428 1959
1692385681020 1351.6705752227883 1960
1692385681029 1351.4407457758077 1961
1692385681039 1352.0151101648794 1962
1692385681048 1351.751270575896 1963
1692385681058 1351.664678516795 1964
1692385681068 1351.2852256387089 1965
1692385681077 1351.1188736766596 1966
1692385681087 1351.015941424547 1967
1692385681097 1350.9234282453835 1968
1692385681107 1351.0666142702275 1969
1692385681117 1351.0323163112155 1970
1692385681127 1350.8945303384921 1971
1692385681138 1350.8180314604158 1972
1692385681148 1351.1308062742369 1973
1692385681158 1350.6552905639953 1974
1692385681169 1350.5273895648156 1975
1692385681179 1350.5046973293447 1976
1692385681189 1350.7112398467075 1977
1692385681198 1350.41649035457 1978
1692385681209 1350.342719940697 1979
1692385681218 1350.3242259436372 1980
1692385681227 1350.37862740836 1981
1692385681237 1350.1707478269807 1982
1692385681246 1350.0113364147157 1983
1692385681254 1350.2563350335906 1984
1692385681263 1350.6876157702518 1985
1692385681273 1350.1743386083292 1986
1692385681282 1349.8596367367147 1987
1692385681291 1350.6515395128474 1988
1692385681301 1349.9345190280073 1989
1692385681310 1349.5839067768045 1990
1692385681320 1349.5121810442931 1991
1692385681328 1349.6539688745825 1992
1692385681337 1349.4922141264994 1993
1692385681347 1349.4525722479616 1994
1692385681357 1349.5162672414838 1995
1692385681365 1349.3350147336291 1996
1692385681374 1350.2212975672467 1997
1692385681384 1349.4127536839621 1998
1692385681394 1349.0575346669145 1999
1692385681403 1349.743210857129 2000
1692385681412 1349.2130869612438 2001
1692385681421 1349.1108518019983 2002
1692385681430 1348.8802106948365 2003
1692385681439 1348.909680862899 2004
1692385681448 1348.6873811190387 2005
1692385681456 1348.6603846642863 2006
1692385681465 1348.597611377768 2007
1692385681474 1348.6262417806865 2008
1692385681483 1348.5507252710042 2009
1692385681492 1348.8871038442035 2010
1692385681501 1348.457243944095 2011
1692385681510 1348.2408986462053 2012
1692385681520 1348.5358951822889 2013
1692385681529 1348.102291549614 2014
1692385681538 1348.2060870681034 2015
1692385681547 1348.1668155175983 2016
1692385681556 1348.223876067405 2017
1692385681565 1348.4110647573334 2018
1692385681573 1348.5890981431705 2019
1692385681583 1348.2723867950997 2020
1692385681592 1347.9427957550024 2021
1692385681602 1348.3399757250522 2022
1692385681609 1347.8785829990384 2023
1692385681618 1347.7566598509334 2024
1692385681628 1347.55825311657 2025
1692385681638 1347.583918286126 2026
1692385681647 1347.4521233630187 2027
1692385681656 1347.5329947837147 2028
1692385681664 1347.4444124245288 2029
1692385681673 1347.7070938908316 2030
1692385681682 1347.465439371023 2031
1692385681691 1347.1726563124182 2032
1692385681701 1347.0668181698911 2033
1692385681710 1347.332673806096 2034
1692385681719 1346.9189499988947 2035
1692385681728 1346.969259510676 2036
1692385681737 1346.9601293273358 2037
1692385681746 1346.9375436890346 2038
1692385681755 1346.8968061491512 2039
1692385681765 1346.8669878997673 2040
1692385681774 1346.7241711967815 2041
1692385681784 1346.6951380957007 2042
1692385681793 1346.6058395789064 2043
1692385681802 1346.4395879868578 2044
1692385681811 1346.3662656644847 2045
1692385681820 1346.2867467813148 2046
1692385681829 1346.1278611911976 2047
1692385681839 1346.4723471681714 2048
1692385681848 1346.250090030738 2049
1692385681857 1346.2963090618773 2050
1692385681865 1346.3131690564705 2051
1692385681875 1346.4339084596254 2052
1692385681883 1346.3148892192262 2053
1692385681892 1346.1840376393097 2054
1692385681901 1346.0321782532944 2055
1692385681909 1345.654260300621 2056
1692385681918 1346.0515408065453 2057
1692385681926 1345.8008279266385 2058
1692385681935 1345.4787480476632 2059
1692385681945 1345.4340804600463 2060
1692385681953 1345.49334364021 2061
1692385681961 1345.4825214915631 2062
1692385681969 1345.3712381290625 2063
1692385681978 1345.2666360726123 2064
1692385681986 1345.267292481826 2065
1692385681995 1345.602793698433 2066
1692385682004 1345.016354812304 2067
1692385682013 1344.9959171704274 2068
1692385682022 1345.1584760116623 2069
1692385682030 1344.8504163973817 2070
1692385682041 1344.7825349486975 2071
1692385682051 1345.3539478039604 2072
1692385682060 1345.1244767305755 2073
1692385682069 1344.6980938374138 2074
1692385682078 1345.1683878103136 2075
1692385682087 1344.5893173668455 2076
1692385682096 1344.829919634853 2077
1692385682105 1344.7917349164238 2078
1692385682114 1344.7996573738924 2079
1692385682123 1344.6124353876507 2080
1692385682133 1344.33294000476 2081
1692385682141 1344.2117640697577 2082
1692385682151 1344.1574693717348 2083
1692385682159 1343.892594090441 2084
1692385682169 1344.0354050782894 2085
1692385682178 1344.497159454855 2086
1692385682187 1344.6458704892077 2087
1692385682195 1344.3206483973934 2088
1692385682204 1344.2815080599457 2089
1692385682212 1344.0472067664743 2090
1692385682221 1343.7660149129645 2091
1692385682229 1343.9910631736661 2092
1692385682238 1344.6947835579176 2093
1692385682247 1344.0448640519874 2094
1692385682256 1344.0584466565551 2095
1692385682265 1344.1046141222978 2096
1692385682273 1343.7911490440717 2097
1692385682281 1343.8592147166987 2098
1692385682290 1343.1843395198814 2099
1692385682298 1343.2181871369082 2100
1692385682307 1343.1932004740563 2101
1692385682316 1343.4503010662327 2102
1692385682325 1343.0662266691972 2103
1692385682334 1342.9681093297052 2104
1692385682342 1342.775619138181 2105
1692385682351 1343.037433413824 2106
1692385682359 1343.0773682762742 2107
1692385682368 1343.387065683424 2108
1692385682376 1343.4478184702596 2109
1692385682385 1343.224103508721 2110
1692385682394 1342.7921744168016 2111
1692385682403 1343.4289930069322 2112
1692385682411 1342.5059344622819 2113
1692385682420 1342.6781005933885 2114
1692385682429 1342.2698277478596 2115
1692385682439 1342.316187604161 2116
1692385682447 1342.2723821233014 2117
1692385682456 1342.389179649999 2118
1692385682465 1342.3986142770439 2119
1692385682474 1342.3030263515757 2120
1692385682483 1342.8198251402157 2121
1692385682491 1342.3000912211523 2122
1692385682500 1342.1826375884038 2123
1692385682508 1342.412924555336 2124
1692385682517 1342.0096923025144 2125
1692385682525 1341.857494062202 2126
1692385682534 1341.7813036958933 2127
1692385682543 1341.872654392788 2128
1692385682551 1341.6359210720514 2129
1692385682560 1341.786328860455 2130
1692385682568 1342.3325354233948 2131
1692385682577 1341.5838370772876 2132
1692385682586 1341.5713410856602 2133
1692385682594 1341.4603413067434 2134
1692385682603 1341.5547772654934 2135
1692385682612 1341.6848436655007 2136
1692385682621 1341.7641494474692 2137
1692385682629 1341.5680058095302 2138
1692385682638 1341.9115683802202 2139
1692385682647 1341.107363856101 2140
1692385682656 1341.0592961700445 2141
1692385682664 1341.0950635479178 2142
1692385682673 1340.7436042843829 2143
1692385682682 1340.8099037209545 2144
1692385682692 1340.7268046176926 2145
1692385682702 1341.455183162092 2146
1692385682712 1340.9723482153981 2147
1692385682721 1340.7334228054283 2148
1692385682730 1340.6749237544727 2149
1692385682740 1340.542107068059 2150
1692385682749 1340.6167971222494 2151
1692385682758 1340.4264163097882 2152
1692385682767 1340.3689479731877 2153
1692385682776 1340.3197729452172 2154
1692385682786 1340.3126744445779 2155
1692385682795 1340.3823456984424 2156
1692385682804 1340.4496914033657 2157
1692385682813 1340.4036325526638 2158
1692385682822 1340.027894152006 2159
1692385682831 1339.8979480986577 2160
1692385682840 1339.862527868978 2161
1692385682849 1339.883253992613 2162
1692385682857 1339.8123815278364 2163
1692385682867 1339.8160491795911 2164
1692385682876 1340.114675996366 2165
1692385682885 1339.6529797162875 2166
1692385682893 1339.5777413216315 2167
1692385682902 1339.489968000551 2168
1692385682911 1339.4026661224514 2169
1692385682920 1339.3577679508824 2170
1692385682929 1339.2967467409487 2171
1692385682938 1339.3045911023994 2172
1692385682946 1339.283156176793 2173
1692385682955 1339.2312805109268 2174
1692385682964 1339.2554754708424 2175
1692385682974 1339.204314884255 2176
1692385682982 1339.1317367449567 2177
1692385682992 1338.9390134940002 2178
1692385683001 1338.8271479580912 2179
1692385683010 1338.8981888866422 2180
1692385683020 1339.111937304762 2181
1692385683029 1338.8533825981456 2182
1692385683038 1338.755936266851 2183
1692385683047 1338.6649583639548 2184
1692385683056 1338.607305007202 2185
1692385683064 1338.5639490421827 2186
1692385683073 1338.5620296815446 2187
1692385683083 1338.5029011674505 2188
1692385683092 1338.869628070663 2189
1692385683101 1338.4235916560501 2190
1692385683110 1338.2645457737276 2191
1692385683118 1338.3675471873346 2192
1692385683127 1338.2735919711245 2193
1692385683136 1338.1928796739232 2194
1692385683145 1338.1007023101754 2195
1692385683154 1337.9666866140506 2196
1692385683163 1337.9515480018706 2197
1692385683171 1337.9543056705388 2198
1692385683180 1337.907204912886 2199
1692385683189 1338.0120729652044 2200
1692385683198 1337.8416283757247 2201
1692385683207 1338.2585756277663 2202
1692385683216 1337.676433040012 2203
1692385683225 1337.6030876792856 2204
1692385683234 1337.5404002596008 2205
1692385683242 1337.4935189716482 2206
1692385683252 1337.4512626547817 2207
1692385683260 1337.4017782309957 2208
1692385683269 1337.7217493242665 2209
1692385683277 1337.4238858592494 2210
1692385683285 1337.3498210315422 2211
1692385683295 1337.1924023767483 2212
1692385683306 1337.1478038257521 2213
1692385683317 1337.1256212689298 2214
1692385683327 1337.1496203919623 2215
1692385683337 1337.2003612141136 2216
1692385683347 1337.258089321423 2217
1692385683357 1337.0359196050779 2218
1692385683367 1337.0815736089926 2219
1692385683377 1336.9672840988276 2220
1692385683385 1336.9968125829141 2221
1692385683395 1336.9456547961452 2222
1692385683405 1336.8600972690176 2223
1692385683419 1336.6987203931267 2224
1692385683432 1336.8100799337951 2225
1692385683441 1336.6203386551117 2226
1692385683450 1336.4901419195476 2227
1692385683459 1336.6039720621113 2228
1692385683468 1336.3854232649298 2229
1692385683478 1336.4620287176124 2230
1692385683487 1336.3425184912983 2231
1692385683495 1336.3602440070451 2232
1692385683504 1336.6315949261882 2233
1692385683513 1336.336156086865 2234
1692385683522 1336.164568952112 2235
1692385683531 1336.9565845466686 2236
1692385683539 1336.0395262609336 2237
1692385683548 1336.2198522579413 2238
1692385683557 1336.1121175684161 2239
1692385683566 1335.940873673721 2240
1692385683575 1335.8663576554395 2241
1692385683583 1335.9529070871997 2242
1692385683592 1335.7481352278594 2243
1692385683601 1335.8061290651106 2244
1692385683609 1335.6332900297857 2245
1692385683618 1335.6900132127491 2246
1692385683628 1335.620433961463 2247
1692385683637 1335.6405954709676 2248
1692385683646 1335.4335936490327 2249
1692385683654 1335.5577517349323 2250
1692385683663 1335.4584145339197 2251
1692385683672 1335.3027014374643 2252
1692385683680 1335.3776626874042 2253
1692385683689 1335.197606396898 2254
1692385683698 1335.169782681675 2255
1692385683707 1335.3287244969235 2256
1692385683716 1335.1549443629685 2257
1692385683725 1335.154599398975 2258
1692385683734 1335.0423852675 2259
1692385683742 1334.8862358618442 2260
1692385683751 1335.2179046585486 2261
1692385683760 1334.858110017905 2262
1692385683769 1334.874158889038 2263
1692385683777 1335.0588608053808 2264
1692385683786 1334.6571907257835 2265
1692385683795 1335.137121169009 2266
1692385683804 1334.5221277048956 2267
1692385683813 1334.5062640338037 2268
1692385683822 1334.5594951791204 2269
1692385683831 1334.7467723892657 2270
1692385683841 1334.5047596479205 2271
1692385683850 1334.537705455037 2272
1692385683859 1334.7578167067488 2273
1692385683867 1334.6515840588875 2274
1692385683875 1334.4015963327754 2275
1692385683885 1334.2745936380181 2276
1692385683893 1334.045380131968 2277
1692385683902 1334.3246608169534 2278
1692385683911 1334.2024917536612 2279
1692385683919 1334.2546272988338 2280
1692385683928 1334.8302817214362 2281
1692385683937 1334.2338009845462 2282
1692385683945 1334.155474531392 2283
1692385683953 1333.8404792545678 2284
1692385683962 1334.1243263391993 2285
1692385683971 1333.8504650447017 2286
1692385683979 1334.5834300949152 2287
1692385683988 1333.621249078273 2288
1692385683997 1333.5478221548906 2289
1692385684005 1333.645483671285 2290
1692385684013 1333.5283345632417 2291
1692385684022 1333.4699629816453 2292
1692385684032 1334.0342513239707 2293
1692385684041 1333.7917222379901 2294
1692385684050 1333.378467620596 2295
1692385684058 1333.4063526017324 2296
1692385684067 1333.2961685533041 2297
1692385684076 1333.1676967914882 2298
1692385684084 1333.3621403155873 2299
1692385684093 1333.136537810062 2300
1692385684102 1333.0223237715716 2301
1692385684110 1333.051800433572 2302
1692385684119 1332.9424998955578 2303
1692385684127 1332.8281282178782 2304
1692385684136 1332.9334929036104 2305
1692385684144 1332.821069020208 2306
1692385684153 1333.1376918733692 2307
1692385684161 1332.9830506083952 2308
1692385684170 1332.8791872463116 2309
1692385684179 1333.0742079428423 2310
1692385684187 1332.7233714906342 2311
1692385684197 1332.5495912798 2312
1692385684206 1333.0224843073406 2313
1692385684215 1333.0009387741468 2314
1692385684225 1332.7178710446312 2315
1692385684234 1332.3205574598294 2316
1692385684243 1332.997134820452 2317
1692385684252 1332.2996116599572 2318
1692385684260 1332.3150278120236 2319
1692385684270 1332.1835227396966 2320
1692385684278 1332.1635038680718 2321
1692385684287 1332.1548965883735 2322
1692385684296 1332.1130027354673 2323
1692385684305 1331.934015244334 2324
1692385684314 1331.9784718506144 2325
1692385684323 1332.0479563741487 2326
1692385684331 1331.8764340598698 2327
1692385684341 1331.8417122830122 2328
1692385684350 1331.864608130415 2329
1692385684359 1331.8066041546183 2330
1692385684368 1331.741425393606 2331
1692385684377 1331.728772336617 2332
1692385684385 1332.003512939285 2333
1692385684394 1332.25551869723 2334
1692385684404 1332.1635834117226 2335
1692385684413 1332.1685179996384 2336
1692385684421 1331.9660452593682 2337
1692385684430 1332.1834729075777 2338
1692385684440 1332.3185133569225 2339
1692385684452 1331.6429179995923 2340
1692385684461 1331.7677904692453 2341
1692385684469 1331.3942942237834 2342
1692385684478 1331.1913245479136 2343
1692385684487 1331.2104071003448 2344
1692385684496 1330.9574582075618 2345
1692385684505 1330.9622907937708 2346
1692385684513 1331.4310290199376 2347
1692385684522 1331.1755286999792 2348
1692385684531 1331.184654131922 2349
1692385684540 1331.104554324861 2350
1692385684549 1330.8899291276311 2351
1692385684558 1331.0137922665463 2352
1692385684567 1330.9612209730212 2353
1692385684576 1331.4224451983337 2354
1692385684586 1330.681217187003 2355
1692385684593 1330.7918794424393 2356
1692385684603 1330.5345674020812 2357
1692385684611 1330.5718163267147 2358
1692385684620 1330.4190311072343 2359
1692385684629 1330.8178011955301 2360
1692385684638 1330.3805159453507 2361
1692385684647 1330.7360769584286 2362
1692385684656 1330.5095779588992 2363
1692385684665 1330.1679882927826 2364
1692385684673 1330.2037054119505 2365
1692385684681 1330.132495198206 2366
1692385684689 1330.083974765658 2367
1692385684699 1330.143656557116 2368
1692385684707 1330.2500789045594 2369
1692385684716 1330.0724142221 2370
1692385684725 1329.899635046609 2371
1692385684733 1329.9399603336472 2372
1692385684742 1330.2747790853505 2373
1692385684751 1329.8012780444594 2374
1692385684760 1329.6442416742502 2375
1692385684769 1329.7513911962358 2376
1692385684777 1329.673680791113 2377
1692385684786 1329.6937560777496 2378
1692385684795 1330.1639261651821 2379
1692385684803 1330.0927258227514 2380
1692385684812 1329.8317852564517 2381
1692385684821 1329.6978441331978 2382
1692385684829 1329.446166641793 2383
1692385684838 1329.413884192228 2384
1692385684847 1329.2779039160516 2385
1692385684855 1329.231489041491 2386
1692385684864 1329.2302217357733 2387
1692385684872 1329.3525601210144 2388
1692385684880 1329.124530512318 2389
1692385684888 1329.0520164629622 2390
1692385684897 1329.0675968096743 2391
1692385684906 1328.9411767113907 2392
1692385684914 1329.0642725753632 2393
1692385684923 1328.9489036868733 2394
1692385684931 1329.0981752643784 2395
1692385684940 1328.960837917728 2396
1692385684948 1329.1532454221935 2397
1692385684957 1329.0115908015164 2398
1692385684965 1328.6607495652927 2399
1692385684973 1328.6905212902498 2400
1692385684982 1328.757811508272 2401
1692385684991 1328.8187516909811 2402
1692385685000 1328.717531867099 2403
1692385685008 1329.1952256483664 2404
1692385685017 1328.4714104821269 2405
1692385685026 1328.7224777480833 2406
1692385685035 1328.3668437765452 2407
1692385685044 1328.4439913369806 2408
1692385685052 1328.3105351547645 2409
1692385685061 1328.5357197835142 2410
1692385685069 1328.3707952023071 2411
1692385685078 1328.3215757526966 2412
1692385685086 1328.346166061252 2413
1692385685094 1328.307447821669 2414
1692385685104 1328.1492006528738 2415
1692385685112 1328.1205102959937 2416
1692385685120 1328.223285430836 2417
1692385685129 1327.9146655887578 2418
1692385685138 1327.9297335579329 2419
1692385685147 1327.9205079319197 2420
1692385685156 1327.7632677731744 2421
1692385685164 1327.7674362970465 2422
1692385685173 1327.7788493901708 2423
1692385685182 1328.3107076775968 2424
1692385685191 1327.7916802252973 2425
1692385685200 1327.6887273462826 2426
1692385685209 1328.2149774589136 2427
1692385685217 1328.011693485097 2428
1692385685226 1327.496329106182 2429
1692385685234 1328.4349576759778 2430
1692385685243 1327.4579440682705 2431
1692385685251 1327.7243396731785 2432
1692385685260 1327.3418055700508 2433
1692385685269 1327.6391611154295 2434
1692385685278 1327.725843495065 2435
1692385685286 1327.5098355939335 2436
1692385685295 1327.5818510529148 2437
1692385685304 1327.9047023307128 2438
1692385685314 1327.5743564101235 2439
1692385685322 1327.6421141601413 2440
1692385685331 1326.945821074878 2441
1692385685340 1326.850242062958 2442
1692385685348 1327.3581126401289 2443
1692385685357 1327.2323062817197 2444
1692385685366 1327.9137965961852 2445
1692385685374 1327.1391965264143 2446
1692385685382 1327.520662696569 2447
1692385685391 1326.6650901401067 2448
1692385685399 1326.6462096030407 2449
1692385685408 1326.9196953788 2450
1692385685417 1326.8507981820069 2451
1692385685425 1326.8821682795754 2452
1692385685434 1326.7604947964467 2453
1692385685442 1327.5658543880513 2454
1692385685451 1326.2550847394887 2455
1692385685463 1326.059409035144 2456
1692385685477 1326.5413818902268 2457
1692385685491 1326.8658287187918 2458
1692385685501 1327.1264734585404 2459
1692385685509 1327.0026012453534 2460
1692385685518 1327.1625849492084 2461
1692385685527 1326.4864470239133 2462
1692385685535 1326.4479338727829 2463
1692385685544 1326.127377063665 2464
1692385685553 1326.440653759052 2465
1692385685561 1326.9966994849294 2466
1692385685569 1326.8239565098577 2467
