1692385756817 15001.046385965785 0
1692385756830 14993.563865486944 1
1692385756840 14986.296104813477 2
1692385756849 14979.321739508357 3
1692385756859 14972.587010966003 4
1692385756867 14966.04445800193 5
1692385756877 14959.594867193067 6
1692385756887 14953.118145299886 7
1692385756898 14946.531920852372 8
1692385756908 14939.954100408713 9
1692385756918 14933.069465926807 10
1692385756928 14926.053614840075 11
1692385756937 14918.92492286548 12
1692385756946 14911.402381820559 13
1692385756956 14903.650814561759 14
1692385756965 14895.630573429691 15
1692385756977 14887.442586225123 16
1692385756986 14878.870876423745 17
1692385756995 14869.997771784394 18
1692385757005 14860.590195044524 19
1692385757014 14850.84365968344 20
1692385757024 14840.917157982372 21
1692385757033 14830.418767865123 22
1692385757043 14819.54017932026 23
1692385757051 14808.136101206179 24
1692385757060 14796.32042291716 25
1692385757068 14783.77176328195 26
1692385757078 14770.868968911987 27
1692385757087 14757.39746935241 28
1692385757096 14743.174657852102 29
1692385757106 14728.522305701284 30
1692385757120 14713.001483931519 31
1692385757130 14696.970919811476 32
1692385757139 14680.309104246966 33
1692385757150 14662.80068692429 34
1692385757160 14644.587398929443 35
1692385757168 14625.136425642266 36
1692385757178 14605.421248549537 37
1692385757188 14584.539856235337 38
1692385757197 14563.151475704548 39
1692385757206 14540.668470142944 40
1692385757215 14517.077792093825 41
1692385757223 14492.37276506546 42
1692385757232 14467.023902232842 43
1692385757241 14440.59970022878 44
1692385757250 14413.064555317242 45
1692385757259 14384.146199178924 46
1692385757268 14354.455737880391 47
1692385757277 14323.52164430726 48
1692385757288 14291.396559427967 49
1692385757297 14258.14458614289 50
1692385757306 14223.121666696046 51
1692385757315 14187.420398105656 52
1692385757325 14150.111685361146 53
1692385757334 14112.616764402592 54
1692385757344 14072.182495747302 55
1692385757354 14031.813442128941 56
1692385757362 13988.562984538728 57
1692385757372 13944.752282177746 58
1692385757381 13899.73885433324 59
1692385757391 13853.203796365195 60
1692385757401 13805.403232851062 61
1692385757410 13754.96966248543 62
1692385757419 13704.50837993324 63
1692385757428 13651.660598038474 64
1692385757438 13597.988407605308 65
1692385757447 13540.825579876488 66
1692385757457 13481.671819998079 67
1692385757467 13422.554781361765 68
1692385757476 13360.13094058176 69
1692385757485 13296.634940460464 70
1692385757495 13231.529635581912 71
1692385757505 13163.770171377786 72
1692385757513 13096.466721917344 73
1692385757523 13025.693912033497 74
1692385757533 12952.783173990252 75
1692385757543 12879.648414339721 76
1692385757551 12804.12787022472 77
1692385757561 12728.22076175578 78
1692385757571 12648.942285590032 79
1692385757580 12568.615088320874 80
1692385757589 12485.94789708761 81
1692385757599 12401.508181977617 82
1692385757608 12316.690693194148 83
1692385757617 12229.382814030558 84
1692385757626 12140.139912414457 85
1692385757635 12049.204776044417 86
1692385757645 11957.487380636603 87
1692385757654 11863.561759901733 88
1692385757663 11768.156774424944 89
1692385757672 11670.112432687023 90
1692385757681 11570.769523256984 91
1692385757691 11472.295465267582 92
1692385757700 11368.41451247028 93
1692385757710 11266.294922490975 94
1692385757719 11161.170345800925 95
1692385757729 11053.938566377245 96
1692385757738 10948.222632563287 97
1692385757748 10838.280895535308 98
1692385757758 10725.982324776243 99
1692385757766 10616.67303497958 100
1692385757776 10505.52740482107 101
1692385757785 10390.005298479931 102
1692385757794 10274.01799855883 103
1692385757804 10158.614986945475 104
1692385757813 10040.64787140127 105
1692385757823 9924.019632601268 106
1692385757832 9803.893102906428 107
1692385757841 9684.274498866384 108
1692385757849 9562.044540038578 109
1692385757859 9440.295723319614 110
1692385757868 9317.718832312878 111
1692385757877 9196.339545330587 112
1692385757886 9070.046785517708 113
1692385757894 8946.93939031986 114
1692385757903 8820.598792001012 115
1692385757912 8694.927817834401 116
1692385757921 8569.776107364221 117
1692385757931 8442.86706421333 118
1692385757940 8318.548615402016 119
1692385757948 8188.2484173627145 120
1692385757958 8064.263893584615 121
1692385757966 7935.345894379426 122
1692385757975 7810.413075854552 123
1692385757984 7680.8257775280845 124
1692385757994 7554.39524634867 125
1692385758003 7429.737838486685 126
1692385758012 7301.206667148716 127
1692385758021 7176.612502057191 128
1692385758029 7052.671655375685 129
1692385758039 6928.70139552074 130
1692385758048 6800.097511386005 131
1692385758057 6679.831981908342 132
1692385758066 6556.416574619021 133
1692385758075 6431.341709573347 134
1692385758084 6314.909601033319 135
1692385758093 6192.805694340195 136
1692385758102 6073.595389287078 137
1692385758111 5957.169761783808 138
1692385758120 5838.883072745243 139
1692385758128 5724.90414984464 140
1692385758137 5610.021650817604 141
1692385758146 5496.522721449326 142
1692385758155 5384.294189753124 143
1692385758163 5275.223145201689 144
1692385758173 5168.282243189852 145
1692385758181 5060.758502343913 146
1692385758190 4953.473969492408 147
1692385758199 4853.888846085273 148
1692385758208 4751.99635189566 149
1692385758216 4650.211605984146 150
1692385758225 4552.995514999398 151
1692385758234 4454.549974317351 152
1692385758244 4364.5855831035615 153
1692385758254 4270.996632556868 154
1692385758262 4179.526705102112 155
1692385758272 4093.353616461028 156
1692385758281 4007.260496783712 157
1692385758291 3924.6381419775425 158
1692385758300 3843.419939990773 159
1692385758311 3762.5456489709295 160
1692385758320 3683.5391766930707 161
1692385758330 3613.1263781819684 162
1692385758341 3538.328877099168 163
1692385758350 3468.2024380165176 164
1692385758361 3399.2784504116544 165
1692385758371 3332.749105311745 166
1692385758381 3269.8262645016757 167
1692385758390 3207.7301652703613 168
1692385758405 3150.8127557912335 169
1692385758414 3092.8757896197594 170
1692385758424 3035.2547417421943 171
1692385758433 2985.4697166669084 172
1692385758443 2934.6951476895692 173
1692385758452 2883.6100894150836 174
1692385758462 2835.946613927005 175
1692385758471 2791.2137466443905 176
1692385758480 2747.898187292293 177
1692385758491 2708.1835483950804 178
1692385758499 2667.320567252251 179
1692385758509 2630.725649362994 180
1692385758518 2594.907565871082 181
1692385758527 2560.571904304237 182
1692385758536 2528.4211618834674 183
1692385758546 2496.4680981860365 184
1692385758555 2467.174493407397 185
1692385758564 2438.623273844507 186
1692385758574 2414.2820477800265 187
1692385758583 2388.2885174938615 188
1692385758593 2364.139142342704 189
1692385758602 2342.423738909726 190
1692385758612 2321.27206882539 191
1692385758621 2302.435499864968 192
1692385758630 2281.935886650653 193
1692385758639 2263.933128665472 194
1692385758649 2247.2057357542076 195
1692385758659 2233.1515103870047 196
1692385758667 2216.5205447344874 197
1692385758677 2202.952438462344 198
1692385758686 2190.940072425321 199
1692385758696 2176.822015679908 200
1692385758705 2165.836565161842 201
1692385758714 2156.0901717526117 202
1692385758723 2144.9779913060056 203
1692385758732 2134.127073250229 204
1692385758742 2127.637252639831 205
1692385758751 2117.8777842704635 206
1692385758761 2109.967132109356 207
1692385758772 2102.679259547092 208
1692385758781 2096.080854672774 209
1692385758790 2089.47017078344 210
1692385758800 2082.9217425441307 211
1692385758809 2077.854676514846 212
1692385758818 2071.8904815643177 213
1692385758828 2067.093648858926 214
1692385758837 2062.043921918262 215
1692385758846 2056.8895461630473 216
1692385758855 2052.9753076058237 217
1692385758864 2049.430465732629 218
1692385758873 2045.1084114554715 219
1692385758882 2041.6358976485349 220
1692385758891 2037.8672891975032 221
1692385758900 2034.1258111207478 222
1692385758909 2030.9364726296162 223
1692385758917 2028.1406020459767 224
1692385758926 2025.2657928188712 225
1692385758934 2022.0587236247288 226
1692385758944 2019.1768270796647 227
1692385758952 2016.3880632584594 228
1692385758961 2013.893393404845 229
1692385758971 2011.104049491608 230
1692385758980 2008.6745262619645 231
1692385758989 2006.4668673424412 232
1692385758998 2003.7639423233093 233
1692385759013 2001.7239798910175 234
1692385759022 1999.337161748757 235
1692385759032 1997.1280411917926 236
1692385759042 1994.5829672732402 237
1692385759051 1992.7790170865164 238
1692385759060 1990.4141338131503 239
1692385759073 1988.3965410620651 240
1692385759083 1986.2629602975985 241
1692385759092 1984.228759159839 242
1692385759101 1982.275376431694 243
1692385759113 1980.2976333315023 244
1692385759123 1978.2549082971132 245
1692385759132 1976.386965577701 246
1692385759142 1974.2818171337801 247
1692385759153 1972.5061254387438 248
1692385759163 1970.5732262507809 249
1692385759172 1968.5522407266794 250
1692385759182 1966.7135237164568 251
1692385759191 1964.9716579204417 252
1692385759202 1963.0011628939756 253
1692385759212 1961.2363852017047 254
1692385759223 1959.322799422741 255
1692385759232 1957.5518282863436 256
1692385759242 1955.7939976316538 257
1692385759252 1954.0295778726263 258
1692385759261 1952.1828260510267 259
1692385759271 1950.4748054135175 260
1692385759281 1948.646989496235 261
1692385759292 1947.0604551151719 262
1692385759302 1945.2807161229841 263
1692385759313 1943.6469524067156 264
1692385759324 1941.7788351044137 265
1692385759332 1940.1484409907634 266
1692385759343 1938.489899860312 267
1692385759352 1936.7871685816865 268
1692385759362 1935.0921811220396 269
1692385759371 1933.4019341751275 270
1692385759381 1931.8453742579354 271
1692385759390 1930.2047964599972 272
1692385759399 1928.516914731495 273
1692385759408 1926.8836636677815 274
1692385759418 1925.258442275675 275
1692385759430 1923.7749199262616 276
1692385759440 1921.9873593856096 277
1692385759449 1920.4599357910195 278
1692385759458 1918.9017075084296 279
1692385759467 1917.1551096002374 280
1692385759477 1915.8187498510035 281
1692385759486 1914.2096072645918 282
1692385759496 1912.477460179065 283
1692385759505 1911.077124155876 284
1692385759514 1909.4537407845776 285
1692385759524 1907.9501450880643 286
1692385759533 1906.4457121174726 287
1692385759542 1904.8849879466454 288
1692385759551 1903.4178341850084 289
1692385759560 1901.780047043949 290
1692385759570 1900.377872981818 291
1692385759579 1898.905697223608 292
1692385759589 1897.3584393730337 293
1692385759598 1895.946568204883 294
1692385759607 1894.4436107147217 295
1692385759616 1892.967266853612 296
1692385759625 1891.4563105981913 297
1692385759634 1890.0772445003327 298
1692385759643 1888.6382516570927 299
1692385759652 1887.2607412649008 300
1692385759662 1885.8435028721676 301
1692385759671 1884.3500507973927 302
1692385759679 1882.9304870345632 303
1692385759689 1881.4840794391107 304
1692385759698 1880.1986139232354 305
1692385759708 1878.7419689610415 306
1692385759717 1877.3295844086133 307
1692385759726 1875.9607040385633 308
1692385759736 1874.5606035047663 309
1692385759745 1873.207619311085 310
1692385759753 1871.8230885600892 311
1692385759763 1870.4799368759136 312
1692385759772 1869.0576227621054 313
1692385759781 1867.6591255533133 314
1692385759791 1866.3965069606252 315
1692385759799 1864.969611780253 316
1692385759808 1863.749793228492 317
1692385759817 1862.2201928641616 318
1692385759826 1860.9736151377122 319
1692385759835 1859.56981506358 320
1692385759844 1858.257808746764 321
1692385759853 1857.0257275911672 322
1692385759862 1855.5994532919399 323
1692385759871 1854.4066855664832 324
1692385759880 1852.963580591478 325
1692385759889 1851.686830427481 326
1692385759898 1850.4041760191005 327
1692385759907 1849.1404683788594 328
1692385759915 1847.8248550818225 329
1692385759925 1846.5673000023505 330
1692385759934 1845.2511295985225 331
1692385759943 1844.03965080166 332
1692385759951 1842.7160885129265 333
1692385759960 1841.5274325068415 334
1692385759970 1840.2800510324098 335
1692385759979 1839.0399487924803 336
1692385759988 1837.8651433176808 337
1692385759997 1836.6204119644246 338
1692385760007 1835.3397706966612 339
1692385760016 1834.1383635560612 340
1692385760025 1832.8524885120903 341
1692385760034 1831.7165612077827 342
1692385760044 1830.5334081883814 343
1692385760052 1829.25503509054 344
1692385760062 1828.1870199359375 345
1692385760071 1826.8536252713445 346
1692385760080 1825.6762049242002 347
1692385760089 1824.5384924695788 348
1692385760097 1823.3006082052798 349
1692385760107 1822.1474864252584 350
1692385760116 1820.8774744859563 351
1692385760126 1819.8513662004843 352
1692385760134 1818.6753944289685 353
1692385760143 1817.4866085581093 354
1692385760152 1816.31679155576 355
1692385760161 1815.1734668191386 356
1692385760170 1814.013213763444 357
1692385760179 1812.9111321529076 358
1692385760188 1811.7466097963654 359
1692385760197 1810.6063481490828 360
1692385760206 1809.507070049257 361
1692385760215 1808.4136975072981 362
1692385760224 1807.23858978984 363
1692385760233 1806.1341154740658 364
1692385760242 1805.0452208658216 365
1692385760250 1803.946514798327 366
1692385760259 1802.804880590336 367
1692385760268 1801.6745006929652 368
1692385760276 1800.5743950640053 369
1692385760285 1799.4316328554899 370
1692385760295 1798.4304514141415 371
1692385760304 1797.3358717243384 372
1692385760312 1796.2590156088318 373
1692385760321 1795.0818265527064 374
1692385760330 1794.1292163154826 375
1692385760339 1793.0195110754178 376
1692385760347 1791.92765453068 377
1692385760356 1790.9438648236733 378
1692385760364 1789.865311717259 379
1692385760373 1788.788851038542 380
1692385760381 1787.8342846731412 381
1692385760390 1786.7224151619816 382
1692385760399 1785.6861307726529 383
1692385760407 1784.634380966378 384
1692385760416 1783.683614618772 385
1692385760424 1782.6535982611229 386
1692385760433 1781.5975315024257 387
1692385760441 1780.674509513895 388
1692385760449 1779.6592633158555 389
1692385760458 1778.6848396911512 390
1692385760467 1777.6328386087612 391
1692385760476 1776.6025199142491 392
1692385760485 1775.7268117999797 393
1692385760493 1774.7490552475288 394
1692385760502 1773.725701042678 395
1692385760510 1772.7883592543085 396
1692385760518 1771.8342750074912 397
1692385760527 1770.8256088223384 398
1692385760536 1769.9632420439457 399
1692385760545 1768.9988080009139 400
1692385760553 1767.9885267916834 401
1692385760593 1767.0497921733686 402
1692385760602 1766.1726786614067 403
1692385760611 1765.2000517239132 404
1692385760619 1764.2817611781552 405
1692385760628 1763.2476443296675 406
1692385760637 1762.359416563401 407
1692385760646 1761.4177715786807 408
1692385760653 1760.517527634056 409
1692385760663 1759.5627697354416 410
1692385760671 1758.6591462608194 411
1692385760679 1757.7321107914577 412
1692385760689 1756.8609739948013 413
1692385760698 1755.9246011657287 414
1692385760706 1755.029237502109 415
1692385760715 1754.1482488937806 416
1692385760723 1753.204128062891 417
1692385760732 1752.364108687169 418
1692385760741 1751.4399028726891 419
1692385760750 1750.537432616239 420
1692385760758 1749.6945148158024 421
1692385760766 1748.914153858503 422
1692385760775 1747.917616136745 423
1692385760785 1747.1284153869208 424
1692385760793 1746.2529678614394 425
1692385760802 1745.3412171741209 426
1692385760811 1744.6219397801835 427
1692385760819 1743.674671393426 428
1692385760828 1742.8427894426875 429
1692385760837 1742.0499448916771 430
1692385760846 1741.147373723405 431
1692385760854 1740.2903107074133 432
1692385760863 1739.4190964247096 433
1692385760872 1738.6224133014643 434
1692385760881 1737.813459602373 435
1692385760889 1737.040556215649 436
1692385760898 1736.109935066549 437
1692385760906 1735.2728853787055 438
1692385760915 1734.4056384780176 439
1692385760924 1733.6498027222522 440
1692385760932 1732.878516727917 441
1692385760941 1732.0100691739792 442
1692385760949 1731.1992930432366 443
1692385760958 1730.4320603476647 444
1692385760967 1729.6697236426626 445
1692385760975 1728.7282966984153 446
1692385760984 1727.9686169987185 447
1692385760993 1727.2332117712565 448
1692385761001 1726.473748637679 449
1692385761010 1725.610200561873 450
1692385761019 1724.8731649975223 451
1692385761028 1724.1252042483495 452
1692385761036 1723.3040166760597 453
1692385761045 1722.57035969311 454
1692385761054 1721.7775457737646 455
1692385761062 1721.03412273643 456
1692385761071 1720.2561486389286 457
1692385761079 1719.5087656947494 458
1692385761089 1718.7752902938576 459
1692385761097 1718.012687655227 460
1692385761105 1717.3171261449666 461
1692385761114 1716.6091952612046 462
1692385761123 1715.781466751553 463
1692385761131 1715.0839392949295 464
1692385761140 1714.3845805533435 465
1692385761148 1713.8031863349074 466
1692385761157 1712.9172938669562 467
1692385761165 1712.1806223814854 468
1692385761174 1711.454482189105 469
1692385761182 1710.7746193582386 470
1692385761191 1710.0420872448815 471
1692385761200 1709.3196099273653 472
1692385761210 1708.633989416245 473
1692385761218 1707.9593335740124 474
1692385761227 1707.2040512688145 475
1692385761235 1706.5362092405103 476
1692385761244 1705.7752935164337 477
1692385761252 1705.1163300626124 478
1692385761262 1704.4891369659194 479
1692385761270 1703.6958122975625 480
1692385761279 1703.0069669944405 481
1692385761288 1702.3105366909272 482
1692385761297 1701.6304061817536 483
1692385761305 1700.988187162942 484
1692385761313 1700.2392511143 485
1692385761322 1699.5366809572406 486
1692385761331 1698.898719932884 487
1692385761340 1698.2038465878038 488
1692385761349 1697.516902687884 489
1692385761358 1696.882839326472 490
1692385761366 1696.1948261594764 491
1692385761375 1695.554293191429 492
1692385761384 1694.8939309583936 493
1692385761393 1694.2967000422389 494
1692385761402 1693.5521805035266 495
1692385761411 1692.8744986052093 496
1692385761420 1692.3405065980935 497
1692385761430 1691.6505604446015 498
1692385761442 1690.9954695217812 499
1692385761456 1690.342585439965 500
1692385761466 1689.7268928373285 501
1692385761476 1689.1124938689532 502
1692385761485 1688.4700120365749 503
1692385761495 1687.8733264528162 504
1692385761504 1687.2097406650382 505
1692385761513 1686.6265652324066 506
1692385761522 1685.9725887456893 507
1692385761532 1685.4135830303776 508
1692385761541 1684.742384123789 509
1692385761551 1684.166489394707 510
1692385761560 1683.5609243589317 511
1692385761569 1682.9604681840897 512
1692385761579 1682.3413665204266 513
1692385761588 1681.7266572101378 514
1692385761597 1681.1365941050203 515
1692385761606 1680.5683617924033 516
1692385761615 1679.971764824982 517
1692385761624 1679.3182811064637 518
1692385761634 1678.748647745862 519
1692385761645 1678.197739686336 520
1692385761655 1677.6413470105017 521
1692385761664 1676.9610553593077 522
1692385761673 1676.439793980708 523
1692385761682 1675.9400455736263 524
1692385761693 1675.3052783435658 525
1692385761702 1674.7367267679829 526
1692385761713 1674.1815965064868 527
1692385761723 1673.6296377446554 528
1692385761732 1672.9949198686872 529
1692385761756 1672.4260073794164 530
1692385761766 1671.9054135869171 531
1692385761778 1671.3112617012541 532
1692385761792 1670.7876324424667 533
1692385761802 1670.1713960427471 534
1692385761812 1669.6157346967614 535
1692385761823 1669.145861708433 536
1692385761834 1668.5191122491972 537
1692385761844 1667.9847059672554 538
1692385761853 1667.4039973508804 539
1692385761863 1666.7881914934535 540
1692385761872 1666.2983536398553 541
1692385761881 1665.73038353173 542
1692385761891 1665.1897937235738 543
1692385761900 1664.67434126209 544
1692385761910 1664.074754873982 545
1692385761920 1663.6079413565128 546
1692385761931 1663.0320196391692 547
1692385761940 1662.493564521948 548
1692385761949 1661.9668526182502 549
1692385761959 1661.5751571255075 550
1692385761968 1660.872623812802 551
1692385761978 1660.4381826436525 552
1692385761988 1659.797150667324 553
1692385761998 1659.319607911094 554
1692385762009 1658.7553464268128 555
1692385762017 1658.320572380608 556
1692385762027 1657.7229684968902 557
1692385762035 1657.2051237646879 558
1692385762044 1656.7405083023618 559
1692385762053 1656.1645034157943 560
1692385762063 1655.7090280753155 561
1692385762072 1655.2106669611921 562
1692385762080 1654.6982902457278 563
1692385762090 1654.296139922407 564
1692385762098 1653.7024097366038 565
1692385762109 1653.3007516457008 566
1692385762118 1652.7860300293435 567
1692385762128 1652.2791044536518 568
1692385762139 1651.8146041180219 569
1692385762148 1651.3493750797697 570
1692385762157 1650.8802620873573 571
1692385762166 1650.4038336865535 572
1692385762175 1649.9420211101753 573
1692385762183 1649.446635040239 574
1692385762192 1649.0129593281335 575
1692385762201 1648.5515505182318 576
1692385762210 1648.1482147761926 577
1692385762218 1647.6151345054143 578
1692385762228 1647.1337385298825 579
1692385762236 1646.7147763881353 580
1692385762246 1646.308562707334 581
1692385762255 1645.8019443798119 582
1692385762264 1645.3183255079857 583
1692385762272 1644.8516309268869 584
1692385762281 1644.4258030409699 585
1692385762290 1643.9466980919622 586
1692385762299 1643.5046547904428 587
1692385762308 1642.9732004729483 588
1692385762316 1642.659906927186 589
1692385762326 1642.1517797847127 590
1692385762336 1641.7226003104338 591
1692385762345 1641.2420973775133 592
1692385762355 1640.8378375828304 593
1692385762363 1640.39590764489 594
1692385762372 1640.052377919826 595
1692385762381 1639.5242840502144 596
1692385762390 1639.1435418833191 597
1692385762400 1638.703415859905 598
1692385762408 1638.2628255947234 599
1692385762417 1637.9097060210809 600
1692385762425 1637.512614600251 601
1692385762434 1636.9986213509005 602
1692385762443 1636.621947981102 603
1692385762451 1636.276167815144 604
1692385762462 1635.7743516322591 605
1692385762472 1635.398081084252 606
1692385762481 1634.9869544789303 607
1692385762490 1634.5541934972732 608
1692385762498 1634.1782296686652 609
1692385762507 1633.7610091017089 610
1692385762516 1633.348195013367 611
1692385762525 1632.9503147270518 612
1692385762533 1632.5472244303487 613
1692385762542 1632.1617713424798 614
1692385762551 1631.7960013060556 615
1692385762559 1631.3909477038446 616
1692385762567 1630.9931823916809 617
1692385762575 1630.5501603256423 618
1692385762584 1630.1863315455037 619
1692385762593 1629.8776042293468 620
1692385762602 1629.4199399686809 621
1692385762610 1628.9877922223668 622
1692385762619 1628.634207430425 623
1692385762627 1628.2244359211584 624
1692385762636 1627.8411495812295 625
1692385762645 1627.5076456989507 626
1692385762654 1627.1129879379898 627
1692385762664 1626.7359185524156 628
1692385762673 1626.3507138023429 629
1692385762681 1626.0105594593783 630
1692385762689 1625.6330104320778 631
1692385762698 1625.2913812630682 632
1692385762707 1624.9031419878058 633
1692385762715 1624.5905878161254 634
1692385762723 1624.2324555900034 635
1692385762732 1623.8161789905769 636
1692385762741 1623.5180767024196 637
1692385762750 1623.0432418479522 638
1692385762758 1622.7272873287154 639
1692385762767 1622.401101529673 640
1692385762776 1622.0528851643292 641
1692385762785 1621.6929174346674 642
1692385762794 1621.3630093924162 643
1692385762802 1621.0253263949444 644
1692385762811 1620.6114615632648 645
1692385762820 1620.339484243132 646
1692385762829 1619.9344665014655 647
1692385762837 1619.611891441442 648
1692385762846 1619.2738148756944 649
1692385762855 1618.9241035495354 650
1692385762864 1618.5842389891288 651
1692385762872 1618.212655479859 652
1692385762881 1617.9225925552255 653
1692385762890 1617.640602729498 654
1692385762898 1617.2276345247656 655
1692385762907 1616.9498698175983 656
1692385762916 1616.679606174232 657
1692385762923 1616.337237203158 658
1692385762932 1615.940982202713 659
1692385762941 1615.6934102960363 660
1692385762950 1615.3318834842473 661
1692385762959 1614.9910758694175 662
1692385762967 1614.7503924213743 663
1692385762976 1614.380307542049 664
1692385762985 1614.0288276430638 665
1692385762993 1613.725799440261 666
1692385763002 1613.5112887946023 667
1692385763010 1613.0598112969546 668
1692385763020 1612.9170623444645 669
1692385763029 1612.491744235093 670
1692385763037 1612.2150430170786 671
1692385763046 1612.0852624755914 672
1692385763055 1611.661061719175 673
1692385763063 1611.3067552078996 674
1692385763072 1611.0136393762928 675
1692385763080 1610.7880454995448 676
1692385763089 1610.456121956459 677
1692385763097 1610.1435039801413 678
1692385763105 1609.8712846249207 679
1692385763114 1609.5548120743654 680
1692385763123 1609.2910375109338 681
1692385763132 1608.9299215518436 682
1692385763141 1608.6465547712671 683
1692385763149 1608.3634092865182 684
1692385763158 1608.2091739568568 685
1692385763165 1607.844467468391 686
1692385763174 1607.5227215509697 687
1692385763183 1607.2220908871227 688
1692385763191 1606.957859900106 689
1692385763200 1606.739805521881 690
1692385763208 1606.4200965700807 691
1692385763217 1606.1459936929032 692
1692385763225 1605.8715359546527 693
1692385763234 1605.6192435765881 694
1692385763243 1605.3326123962358 695
1692385763251 1605.0285104417596 696
1692385763261 1604.859914406442 697
1692385763269 1604.5572127840346 698
1692385763278 1604.2786118136248 699
1692385763286 1604.0154696010113 700
1692385763295 1603.7645347465957 701
1692385763304 1603.5195935706142 702
1692385763313 1603.2136889827168 703
1692385763321 1602.936402216036 704
1692385763330 1602.8141080023258 705
1692385763338 1602.4165052059866 706
1692385763347 1602.1394283127345 707
1692385763356 1601.9439563554095 708
1692385763364 1601.6089106537015 709
1692385763373 1601.4169196165358 710
1692385763383 1601.146745580215 711
1692385763392 1600.9019100730661 712
1692385763400 1600.6560049550305 713
1692385763409 1600.441090357212 714
1692385763418 1600.1279085512788 715
1692385763427 1599.9420897502978 716
1692385763436 1599.707250756889 717
1692385763445 1599.4391582660567 718
1692385763454 1599.196812099469 719
1692385763462 1598.9298806561028 720
1692385763473 1598.704855483708 721
1692385763481 1598.4623656523452 722
1692385763491 1598.2189134729929 723
1692385763500 1598.0037598744832 724
1692385763509 1597.8864758766113 725
1692385763518 1597.5730275263222 726
1692385763526 1597.4242410419004 727
1692385763535 1597.1482483505974 728
1692385763543 1596.899578349326 729
1692385763552 1596.6330525280157 730
1692385763561 1596.4990375685295 731
1692385763570 1596.2608602627886 732
1692385763579 1596.1020565538793 733
1692385763588 1595.8157589098319 734
1692385763597 1595.658600362071 735
1692385763605 1595.3748069851317 736
1692385763614 1595.1560878667465 737
1692385763623 1594.961926271859 738
1692385763631 1594.6947756369293 739
1692385763640 1594.4828739447605 740
1692385763649 1594.2949867717907 741
1692385763658 1594.1078554947433 742
1692385763666 1593.8239668816827 743
1692385763675 1593.630413622492 744
1692385763684 1593.4322013626497 745
1692385763693 1593.2367473746153 746
1692385763703 1592.9753250232293 747
1692385763711 1592.8043071751172 748
1692385763720 1592.5870145670299 749
1692385763729 1592.353311804733 750
1692385763738 1592.1515327709078 751
1692385763747 1591.9704635910925 752
1692385763756 1591.7189402605263 753
1692385763765 1591.534124413828 754
1692385763773 1591.3071429088573 755
1692385763782 1591.14565830853 756
1692385763791 1590.9562866995104 757
1692385763800 1590.7416224671013 758
1692385763809 1590.5004563483126 759
1692385763817 1590.3015338738703 760
1692385763826 1590.2026975081778 761
1692385763835 1589.9536215648936 762
1692385763843 1589.7290904479673 763
1692385763852 1589.5867961727279 764
1692385763860 1589.5147530535353 765
1692385763868 1589.2014392746764 766
1692385763877 1588.9925921982042 767
1692385763886 1588.8569718342217 768
1692385763894 1588.7275048399933 769
1692385763903 1588.4871133952017 770
1692385763912 1588.2612843096747 771
1692385763920 1588.0607656464767 772
1692385763928 1587.8700526375922 773
1692385763937 1587.734352149338 774
1692385763946 1587.5210990941343 775
1692385763954 1587.3110633321926 776
1692385763963 1587.1908333634774 777
1692385763972 1587.1308573982622 778
1692385763980 1587.0273406432884 779
1692385763989 1586.7801720415491 780
1692385764000 1586.531299581308 781
1692385764012 1586.4441538188298 782
1692385764021 1586.2741582843628 783
1692385764031 1585.9887285421696 784
1692385764041 1585.8293857734718 785
1692385764049 1585.6370027797207 786
1692385764059 1585.446559360179 787
1692385764068 1585.325234665033 788
1692385764077 1585.174824480646 789
1692385764087 1584.9346220056507 790
1692385764097 1584.7895341948408 791
1692385764106 1584.6664002765733 792
1692385764115 1584.4460172172353 793
1692385764124 1584.3012076726786 794
1692385764133 1584.1396097743889 795
1692385764142 1584.1353622569202 796
1692385764151 1583.8023687400773 797
1692385764160 1583.6729949957742 798
1692385764170 1583.4646256921674 799
1692385764180 1583.352064353481 800
1692385764190 1583.1442901357475 801
1692385764204 1583.0023465158079 802
1692385764215 1582.8658221810338 803
1692385764226 1582.7678075461483 804
1692385764234 1582.5555479866487 805
1692385764244 1582.4001553592054 806
1692385764277 1582.2491415964096 807
1692385764294 1582.1440299327185 808
1692385764303 1581.9284213799017 809
1692385764314 1581.8342201637968 810
1692385764324 1581.6251830954839 811
1692385764334 1581.489049215258 812
1692385764344 1581.3421689995507 813
1692385764355 1581.1906441828728 814
1692385764364 1580.984906542241 815
1692385764374 1580.8827948499716 816
1692385764383 1580.6851161490222 817
1692385764392 1580.5334294741187 818
1692385764402 1580.344004984599 819
1692385764412 1580.2440050190376 820
1692385764421 1580.0418452923304 821
1692385764431 1579.9624140650656 822
1692385764442 1579.8204007984398 823
1692385764454 1579.8718542847414 824
1692385764464 1579.5827978378609 825
1692385764473 1579.4289913372731 826
1692385764482 1579.3103127756797 827
1692385764497 1579.0975633588607 828
1692385764507 1579.0146156721762 829
1692385764517 1578.8188162216752 830
1692385764528 1578.679523077381 831
1692385764537 1578.621818090776 832
1692385764546 1578.4451031358708 833
1692385764556 1578.3552748856437 834
1692385764564 1578.1517528454492 835
1692385764574 1578.0607482070504 836
1692385764583 1577.9484192693874 837
1692385764592 1577.784664521316 838
1692385764601 1577.6960922517887 839
1692385764610 1577.5531657046781 840
1692385764618 1577.4508440141722 841
1692385764628 1577.26167106414 842
1692385764638 1577.1560184387138 843
1692385764648 1577.0545762082406 844
1692385764658 1576.9545086512423 845
1692385764667 1576.730433748059 846
1692385764677 1576.641513493157 847
1692385764686 1576.510680045363 848
1692385764695 1576.366534946791 849
1692385764705 1576.2287327964655 850
1692385764713 1576.2204487879974 851
1692385764723 1575.9997692017757 852
1692385764732 1575.9299128591053 853
1692385764741 1575.7746616966583 854
1692385764750 1575.6483403078282 855
1692385764759 1575.612979078918 856
1692385764768 1575.4322982564058 857
1692385764778 1575.3003976718446 858
1692385764787 1575.2144693828056 859
1692385764797 1575.0815888273617 860
1692385764806 1574.962734732796 861
1692385764815 1574.845181120961 862
1692385764824 1574.725679883688 863
1692385764833 1574.6038763964007 864
1692385764843 1574.4974800158757 865
1692385764851 1574.40244773306 866
1692385764861 1574.261487868229 867
1692385764871 1574.1819912406643 868
1692385764879 1574.048774452864 869
1692385764889 1573.960816855133 870
1692385764898 1573.8845347215179 871
1692385764908 1573.761580984597 872
1692385764917 1573.6118987067234 873
1692385764926 1573.591790858127 874
1692385764935 1573.4616593180372 875
1692385764944 1573.4256992810065 876
1692385764954 1573.2571199137062 877
1692385764962 1573.150099087015 878
1692385764972 1573.1758250948294 879
1692385764981 1572.9810011981615 880
1692385764990 1572.8340806918432 881
1692385764999 1572.7508913353568 882
1692385765008 1572.6640479906305 883
1692385765017 1572.574247542107 884
1692385765027 1572.4073828445407 885
1692385765036 1572.3289515019928 886
1692385765045 1572.1991104144233 887
1692385765054 1572.1185256331416 888
1692385765062 1571.991536016578 889
1692385765072 1571.8969014457718 890
1692385765081 1571.7963530550446 891
1692385765090 1571.7454688451319 892
1692385765099 1571.6035355358554 893
1692385765108 1571.5296212105939 894
1692385765117 1571.423653187628 895
1692385765125 1571.3113071934285 896
1692385765134 1571.2862007590575 897
1692385765143 1571.1287288308067 898
1692385765152 1571.0278263428283 899
1692385765163 1570.9751948984892 900
1692385765173 1570.908542072392 901
1692385765183 1570.7666693569138 902
1692385765191 1570.7929442150485 903
1692385765200 1570.5887425440123 904
1692385765210 1570.5163814873213 905
1692385765218 1570.3815620202386 906
1692385765228 1570.3415242503495 907
1692385765237 1570.1737941263411 908
1692385765247 1570.1014738004815 909
1692385765256 1569.9797831771366 910
1692385765264 1569.906859034664 911
1692385765273 1569.8276944004683 912
1692385765282 1569.999234757047 913
1692385765291 1569.655606183464 914
1692385765300 1569.597617513722 915
1692385765309 1569.4743605567403 916
1692385765317 1569.3798272341337 917
1692385765325 1569.4854041045126 918
1692385765334 1569.1619366170185 919
1692385765343 1569.091724178557 920
1692385765352 1569.0095661671578 921
1692385765360 1568.8931444564726 922
1692385765369 1568.8469073568583 923
1692385765377 1568.726127688816 924
1692385765386 1568.6527272979101 925
1692385765394 1568.5572311448452 926
1692385765403 1568.4617310612807 927
1692385765412 1568.3714682038062 928
1692385765421 1568.3111753642554 929
1692385765430 1568.1842931779097 930
1692385765439 1568.1217786145362 931
1692385765448 1568.0921996633977 932
1692385765457 1567.9673202372028 933
1692385765466 1568.1721388381582 934
1692385765475 1567.8230965735293 935
1692385765484 1567.7114415001936 936
1692385765493 1567.6195029737653 937
1692385765504 1567.582979858865 938
1692385765521 1567.4817841561885 939
1692385765534 1567.4056463379738 940
1692385765544 1567.3325079208796 941
1692385765553 1567.3254006312982 942
1692385765562 1567.230028627785 943
1692385765571 1567.1388194928763 944
1692385765580 1567.0300696313727 945
1692385765590 1567.121343113838 946
1692385765599 1566.9348320804404 947
1692385765609 1566.8387574351823 948
1692385765618 1566.7320896613746 949
1692385765628 1566.7832457043871 950
1692385765637 1566.609867613399 951
1692385765646 1566.5525235861608 952
1692385765656 1566.4284955475434 953
1692385765664 1566.3192596075933 954
1692385765674 1566.2399283570653 955
1692385765684 1566.1790828336843 956
1692385765694 1566.1207811478607 957
1692385765707 1566.145957619558 958
1692385765717 1566.0048954907847 959
1692385765729 1565.9022393809867 960
1692385765739 1565.8361708760397 961
1692385765748 1565.8319639167682 962
1692385765758 1565.661215844428 963
1692385765800 1565.608767261705 964
1692385765811 1565.5529435977676 965
1692385765822 1565.477573240015 966
1692385765832 1565.435621118723 967
1692385765842 1565.5490258094758 968
1692385765851 1565.301963268863 969
1692385765861 1565.179410488477 970
1692385765871 1565.1180681241515 971
1692385765880 1565.0612555940945 972
1692385765889 1565.0361149009918 973
1692385765899 1564.9327580103823 974
1692385765909 1564.867711374188 975
1692385765918 1564.81063082637 976
1692385765928 1564.7590596411028 977
1692385765939 1564.7134175556685 978
1692385765948 1564.6009159289026 979
1692385765957 1564.5515929875246 980
1692385765967 1564.4983830838446 981
1692385765977 1564.4378447556464 982
1692385765986 1564.4472333268932 983
1692385765995 1564.2869121111478 984
1692385766005 1564.2590910990289 985
1692385766014 1564.2860519493884 986
1692385766023 1564.172211907107 987
1692385766032 1564.070527820804 988
1692385766041 1564.02591943367 989
1692385766049 1563.9635859225093 990
1692385766059 1563.916245372656 991
1692385766066 1563.8496143079226 992
1692385766076 1563.8098151362233 993
1692385766085 1563.7492574863838 994
1692385766094 1563.6847424729633 995
1692385766103 1563.6271793062383 996
1692385766112 1563.5791569840167 997
1692385766121 1563.5555855055284 998
1692385766131 1563.4591382454664 999
1692385766141 1563.4281891426026 1000
1692385766150 1563.4283721876025 1001
1692385766160 1563.3072594540897 1002
1692385766169 1563.3033978493024 1003
1692385766177 1563.218279196822 1004
1692385766186 1563.1491637614263 1005
1692385766196 1563.1224264228738 1006
1692385766204 1563.0841774651776 1007
1692385766213 1563.005109004063 1008
1692385766222 1562.988244855403 1009
1692385766231 1562.9185957531247 1010
1692385766240 1562.8581128238145 1011
1692385766249 1562.9268925341353 1012
1692385766257 1562.7603532918524 1013
1692385766266 1562.736998708839 1014
1692385766274 1562.6734955670586 1015
1692385766283 1562.6554671860504 1016
1692385766292 1562.5655514000928 1017
1692385766301 1562.4859442448032 1018
1692385766309 1562.4586960583401 1019
1692385766318 1562.4620402926926 1020
1692385766327 1562.4352132974946 1021
1692385766336 1562.3496162147753 1022
1692385766344 1562.3001287393495 1023
1692385766353 1562.2385682164927 1024
1692385766361 1562.110714210005 1025
1692385766370 1562.1090884235057 1026
1692385766380 1562.0753145780714 1027
1692385766390 1561.9913056308962 1028
1692385766401 1561.9569439264028 1029
1692385766411 1561.8705195368598 1030
1692385766421 1561.8322561990672 1031
1692385766429 1561.7937697044233 1032
1692385766440 1561.7290517013687 1033
1692385766449 1561.7671692117199 1034
1692385766458 1561.7114414569667 1035
1692385766467 1561.5892080770134 1036
1692385766477 1561.5438438733004 1037
1692385766486 1561.502375701818 1038
1692385766495 1561.5664574397174 1039
1692385766505 1561.516780057712 1040
1692385766514 1561.4366452742968 1041
1692385766524 1561.3812391788654 1042
1692385766533 1561.3142210766746 1043
1692385766543 1561.297198697688 1044
1692385766552 1561.2817725434898 1045
1692385766562 1561.2064978319534 1046
1692385766573 1561.1391332079781 1047
1692385766584 1561.2545960361358 1048
1692385766597 1561.056268754268 1049
1692385766607 1560.989536232036 1050
1692385766617 1560.9748154815725 1051
1692385766627 1560.8977055791997 1052
1692385766636 1560.8552354848243 1053
1692385766678 1560.9777046640136 1054
1692385766690 1560.748609546797 1055
1692385766700 1560.6836331850175 1056
1692385766711 1560.722933332586 1057
1692385766722 1560.817070259019 1058
1692385766731 1560.624767838945 1059
1692385766742 1560.5752893229196 1060
1692385766750 1560.535138992493 1061
1692385766760 1560.517976100144 1062
1692385766770 1560.4721574842533 1063
1692385766779 1560.4189294726993 1064
1692385766789 1560.4309983445582 1065
1692385766798 1560.3518520173795 1066
1692385766807 1560.381629639657 1067
1692385766817 1560.3189514066223 1068
1692385766827 1560.2419897640873 1069
1692385766837 1560.1976203616896 1070
1692385766847 1560.1431589899146 1071
1692385766856 1560.1255200403987 1072
1692385766865 1560.0837269650758 1073
1692385766875 1560.0626617573896 1074
1692385766885 1560.0127181220519 1075
1692385766894 1559.9668014160798 1076
1692385766902 1559.9514322272 1077
1692385766912 1560.0876495782443 1078
1692385766921 1559.881673941076 1079
1692385766929 1559.8565753188848 1080
1692385766938 1559.8228631040768 1081
1692385766947 1559.803835401808 1082
1692385766956 1559.7228769792994 1083
1692385766965 1559.7204847462533 1084
1692385766974 1559.6630760623486 1085
1692385766982 1559.6275657852543 1086
1692385766991 1559.7009333581696 1087
1692385767002 1559.57984222878 1088
1692385767012 1559.4901030708338 1089
1692385767022 1559.4650749440495 1090
1692385767031 1559.4525624362384 1091
1692385767040 1559.4002698298555 1092
1692385767049 1559.3644211451467 1093
1692385767058 1559.3253375544034 1094
1692385767066 1559.3149684031282 1095
1692385767074 1559.2906307792894 1096
1692385767082 1559.2719527943927 1097
1692385767092 1559.2563108895013 1098
1692385767100 1559.2542425574045 1099
1692385767109 1559.1617655095038 1100
1692385767117 1559.1610931536381 1101
1692385767126 1559.1061667930182 1102
1692385767134 1559.0571064112846 1103
1692385767143 1559.033330498474 1104
1692385767151 1559.0538765394451 1105
1692385767160 1558.9201344612911 1106
1692385767168 1558.8980235611348 1107
1692385767177 1558.9219253503802 1108
1692385767185 1558.8957065721427 1109
1692385767194 1558.7737896801475 1110
1692385767203 1558.8045460856592 1111
1692385767212 1558.744052092202 1112
1692385767221 1558.709135236319 1113
1692385767229 1558.6962870007958 1114
1692385767239 1558.6760655930857 1115
1692385767250 1558.6235155304507 1116
1692385767261 1558.5701476318936 1117
1692385767271 1558.533491026067 1118
1692385767281 1558.5110670364793 1119
1692385767291 1558.5047673746687 1120
1692385767300 1558.462357990615 1121
1692385767309 1558.4024928680483 1122
1692385767318 1558.387928568127 1123
1692385767327 1558.3317303441554 1124
1692385767337 1558.550158228469 1125
1692385767345 1558.244770328104 1126
1692385767355 1558.206927819982 1127
1692385767364 1558.2333987583381 1128
1692385767373 1558.1996284853474 1129
1692385767382 1558.177181277012 1130
1692385767392 1558.1355908413389 1131
1692385767401 1558.1296769902683 1132
1692385767410 1558.1179308683736 1133
1692385767420 1558.1288328314088 1134
1692385767432 1558.008364017636 1135
1692385767444 1558.0397169880316 1136
1692385767456 1557.9621541734266 1137
1692385767466 1557.9304579051911 1138
1692385767476 1557.9106632742 1139
1692385767486 1557.8900016638554 1140
1692385767496 1557.8536259358168 1141
1692385767536 1557.812810736376 1142
1692385767547 1557.8161832938658 1143
1692385767557 1557.7679073924382 1144
1692385767567 1557.781602599798 1145
1692385767577 1557.6999960845328 1146
1692385767587 1557.6821100110649 1147
1692385767596 1557.6388749655332 1148
1692385767607 1557.5943246899003 1149
1692385767616 1557.718233412457 1150
1692385767626 1557.5318768370005 1151
1692385767635 1557.6993556440962 1152
1692385767645 1557.5335768443786 1153
1692385767653 1557.4247355315501 1154
1692385767662 1557.4670595122486 1155
1692385767672 1557.5274192202942 1156
1692385767683 1557.4181336189674 1157
1692385767692 1557.4103587565116 1158
1692385767701 1557.3513243780274 1159
1692385767711 1557.4550221213804 1160
1692385767723 1557.3575299825493 1161
1692385767732 1557.3622150028489 1162
1692385767741 1557.2591269112268 1163
1692385767750 1557.227708506353 1164
1692385767760 1557.2242127757324 1165
1692385767770 1557.1749000996822 1166
1692385767778 1557.16732557077 1167
1692385767787 1557.2826550614432 1168
1692385767795 1557.0863823458667 1169
1692385767805 1557.1246253645263 1170
1692385767813 1557.0586090970867 1171
1692385767823 1557.037037319065 1172
1692385767831 1556.9906064168974 1173
1692385767840 1557.0111146071085 1174
1692385767849 1556.9563408823497 1175
1692385767858 1556.933579214044 1176
1692385767867 1556.8905802812935 1177
1692385767877 1556.93707491165 1178
1692385767887 1556.8648019738584 1179
1692385767896 1557.1495234340364 1180
1692385767906 1556.8316907028538 1181
1692385767915 1556.7969470183432 1182
1692385767925 1556.8046191785863 1183
1692385767933 1556.7927395481036 1184
1692385767942 1556.7882977679817 1185
1692385767951 1556.7356253780465 1186
1692385767960 1556.735586159173 1187
1692385767968 1556.717706269732 1188
1692385767977 1556.6590836499045 1189
1692385767986 1556.64804953416 1190
1692385767994 1556.6170397639055 1191
1692385768002 1556.6583247920503 1192
1692385768011 1556.7433967053107 1193
1692385768020 1556.5710368635382 1194
1692385768028 1556.568293199033 1195
1692385768038 1556.5172104575324 1196
1692385768046 1556.5033976065938 1197
1692385768055 1556.5039558281146 1198
1692385768064 1556.5253677004202 1199
1692385768072 1556.507812391651 1200
1692385768081 1556.4479203870076 1201
1692385768090 1556.3843199965738 1202
1692385768098 1556.3646496135784 1203
1692385768106 1556.3334839176719 1204
1692385768115 1556.3802211466182 1205
1692385768124 1556.309078021137 1206
1692385768133 1556.273911916101 1207
1692385768141 1556.3774399625902 1208
1692385768151 1556.3623695261076 1209
1692385768161 1556.233948795695 1210
1692385768172 1556.5029883778316 1211
1692385768182 1556.2381582689325 1212
1692385768192 1556.191719869266 1213
1692385768201 1556.1734405195796 1214
1692385768211 1556.1315082330657 1215
1692385768221 1556.0950089760875 1216
1692385768228 1556.1479921978778 1217
1692385768239 1556.1234569276853 1218
1692385768248 1556.0685311157008 1219
1692385768258 1556.1323615907488 1220
1692385768266 1556.096762547077 1221
1692385768276 1555.9970460473278 1222
1692385768285 1555.948619789757 1223
1692385768294 1556.0652716920365 1224
1692385768304 1555.973416446952 1225
1692385768313 1555.9059041431972 1226
1692385768323 1555.8601060698243 1227
1692385768332 1555.8285262031611 1228
1692385768343 1555.861403930934 1229
1692385768355 1555.8169616367577 1230
1692385768367 1555.8072110908859 1231
1692385768377 1556.0361694705432 1232
1692385768388 1555.7353207132644 1233
1692385768397 1555.845147950022 1234
1692385768407 1555.890883934874 1235
1692385768443 1555.6807108294167 1236
1692385768460 1555.7432685321394 1237
1692385768472 1555.6806950660396 1238
1692385768480 1555.6929589021786 1239
1692385768494 1555.7681698792642 1240
1692385768504 1555.6407874294262 1241
1692385768513 1555.6963610582325 1242
1692385768523 1555.5776825076737 1243
1692385768533 1555.6109939026885 1244
1692385768542 1555.5591637608043 1245
1692385768551 1555.5766725368949 1246
1692385768562 1555.5232467010844 1247
1692385768571 1555.4848551167308 1248
1692385768581 1555.5516215935158 1249
1692385768592 1555.4769302313512 1250
1692385768601 1555.4544363184798 1251
1692385768611 1555.4426945366854 1252
1692385768621 1555.417886199943 1253
1692385768630 1555.4268919403448 1254
1692385768640 1555.4136374725072 1255
1692385768650 1555.3773457961424 1256
1692385768659 1555.412031534292 1257
1692385768667 1555.3576142963066 1258
1692385768679 1555.341610475062 1259
1692385768688 1555.3676344698254 1260
1692385768699 1555.3591659398762 1261
1692385768708 1555.3056865341725 1262
1692385768716 1555.3293314021046 1263
1692385768726 1555.2691603887142 1264
1692385768735 1555.4098979497628 1265
1692385768745 1555.1973892250862 1266
1692385768754 1555.2175221104162 1267
1692385768763 1555.2053140309442 1268
1692385768772 1555.1669503824614 1269
1692385768781 1555.1315078107064 1270
1692385768790 1555.2226099373731 1271
1692385768799 1555.139803059126 1272
1692385768810 1555.089296890606 1273
1692385768819 1555.1397637883445 1274
1692385768829 1555.043999066165 1275
1692385768839 1555.0666358230574 1276
1692385768847 1555.1401970891675 1277
1692385768856 1555.0735577684 1278
1692385768865 1554.9479383264509 1279
1692385768874 1554.9363195061392 1280
1692385768882 1555.020029230502 1281
1692385768892 1554.988094308465 1282
1692385768901 1554.9717637839444 1283
1692385768909 1554.9296856176911 1284
1692385768918 1554.9364909554517 1285
1692385768927 1555.0119389335268 1286
1692385768936 1554.8309319816958 1287
1692385768944 1554.8563243491442 1288
1692385768953 1554.8343113793335 1289
1692385768962 1554.7895147159402 1290
1692385768971 1554.7910687290107 1291
1692385768980 1554.7815475375946 1292
1692385768989 1554.8195139394638 1293
1692385768997 1554.855524796745 1294
1692385769007 1554.8646891100059 1295
1692385769015 1554.8634791482316 1296
1692385769024 1554.8852928263884 1297
1692385769033 1554.9239455854743 1298
1692385769041 1554.811539013831 1299
1692385769050 1554.965553464554 1300
1692385769060 1554.854106370893 1301
1692385769068 1554.8008172590419 1302
1692385769077 1554.735284149531 1303
1692385769085 1554.6949396054652 1304
1692385769093 1554.6646929135122 1305
1692385769102 1554.6509905067828 1306
1692385769111 1554.5411801717999 1307
1692385769119 1554.5588023363887 1308
1692385769128 1554.530932533159 1309
1692385769137 1554.5113885465832 1310
1692385769146 1554.4860569870941 1311
1692385769154 1554.531204691769 1312
1692385769163 1554.5285458637063 1313
1692385769172 1554.5459682027279 1314
1692385769181 1554.4665872722705 1315
1692385769190 1554.4571748286703 1316
1692385769198 1554.4544305387976 1317
1692385769207 1554.4312563275657 1318
1692385769215 1554.529828917014 1319
1692385769224 1554.4717292265532 1320
1692385769233 1554.4180038604102 1321
1692385769242 1554.4767547730366 1322
1692385769250 1554.3122050033166 1323
1692385769259 1554.4739286664847 1324
1692385769268 1554.3044419104501 1325
1692385769277 1554.3494317355246 1326
1692385769285 1554.3019302260584 1327
1692385769294 1554.298024759063 1328
1692385769303 1554.2009378720209 1329
1692385769312 1554.1549538021306 1330
1692385769321 1554.2208169255186 1331
1692385769330 1554.2021514289497 1332
1692385769338 1554.2329263716895 1333
1692385769347 1554.4227984727977 1334
1692385769355 1554.2766798233463 1335
1692385769364 1554.2622680779104 1336
1692385769372 1554.2426823988344 1337
1692385769381 1554.2092821738445 1338
1692385769389 1554.1738510307882 1339
1692385769398 1554.131153444084 1340
1692385769407 1554.088431870965 1341
1692385769416 1554.111072286578 1342
1692385769424 1554.310294604194 1343
1692385769433 1554.0521487086498 1344
1692385769442 1554.0263750628744 1345
1692385769450 1554.0206117303178 1346
1692385769459 1554.0781585362415 1347
1692385769467 1554.0008229878006 1348
1692385769476 1553.9569811091294 1349
1692385769485 1553.9784572709227 1350
1692385769493 1553.988647996307 1351
1692385769502 1554.072526171986 1352
1692385769510 1553.963442438173 1353
1692385769519 1553.9009172777553 1354
1692385769527 1553.9017690265107 1355
1692385769536 1553.8690472774358 1356
1692385769545 1553.8439548138667 1357
1692385769554 1553.879441355212 1358
1692385769562 1553.772366287262 1359
1692385769571 1553.7588505034516 1360
1692385769579 1553.7644523585777 1361
1692385769588 1553.9011282868323 1362
1692385769597 1553.827652370949 1363
1692385769605 1553.9481887400377 1364
1692385769614 1553.940065595919 1365
1692385769622 1553.8093879482867 1366
1692385769631 1553.8397570527193 1367
1692385769640 1553.7952630375783 1368
1692385769648 1553.8057600321367 1369
1692385769657 1553.8128071759154 1370
1692385769666 1553.7717595029726 1371
